20 100
10 16 425
7 8 1206
1 18 184
4 16 110
6 8 1142
8 15 996
2 9 1604
3 14 958
4 20 981
3 10 490
11 20 558
14 18 1328
6 15 910
1 4 1399
5 6 358
5 8 291
13 19 521
15 17 697
3 4 1524
8 11 368
3 9 921
3 11 1281
14 15 202
2 15 233
15 18 1150
9 16 1686
9 14 1620
7 13 1072
7 10 647
16 20 411
2 17 858
4 18 1389
2 12 1155
6 16 45
1 10 896
1 6 742
4 5 591
9 13 1826
17 18 266
6 18 119
6 20 917
2 5 1543
1 19 1615
12 13 160
12 17 1678
2 18 1476
11 18 109
7 18 932
6 10 1806
4 13 72
11 16 256
1 8 31
8 17 24
3 19 327
6 7 1643
18 20 1397
8 20 1854
19 20 980
3 16 599
8 16 1046
2 11 1524
11 13 541
8 18 1753
4 11 1383
1 12 1107
3 13 1516
7 12 615
5 17 1581
14 17 1227
4 14 601
2 10 246
7 19 1772
9 11 1177
12 19 1567
1 3 1475
9 15 712
5 15 1033
5 10 971
4 7 142
7 11 1766
2 8 670
5 9 1717
5 7 1319
14 19 545
2 19 256
2 16 347
13 17 1370
3 15 1282
16 18 1507
5 18 115
5 12 566
1 5 797
8 9 1589
10 17 820
5 20 1874
8 14 987
13 14 1132
15 19 1888
13 15 122
9 18 1365
