150 5000
27 120 284079702
29 46 724283821
25 58 575455955
54 75 109933563
23 111 804900946
32 134 930350094
55 120 710418707
14 94 781207575
11 56 860957732
9 29 829671148
83 131 556953473
67 103 974212563
1 36 256317023
42 121 916425070
28 48 852162203
118 133 366925796
66 129 638252752
29 139 412334295
102 148 184762450
98 127 496186012
68 83 960295852
41 145 109545936
23 78 890500339
3 114 733199129
30 114 610908033
44 54 535772018
61 82 347463087
124 135 427016705
115 135 193768772
75 100 225032921
28 86 248103304
4 114 209547231
84 119 894302674
67 118 926744280
26 136 347392699
13 93 928913571
45 83 455030108
9 145 573735501
124 127 815904080
29 118 788065488
91 120 355034142
2 130 826244329
12 148 136371908
48 54 397764226
135 144 963795173
25 137 968898362
85 98 591662554
50 85 923730359
1 150 398179569
13 99 193559745
49 137 793399528
26 91 722887451
7 20 334386514
33 97 761170140
94 144 240871689
18 23 840900247
24 77 246545205
20 114 860823806
42 130 476395590
108 140 810028552
19 104 181066414
117 123 839853623
102 130 733132296
16 149 714542102
31 90 872740650
18 122 585371975
43 48 484569733
93 112 590984637
92 120 323315229
29 61 764279312
58 133 309030839
11 119 169385909
38 104 744946410
50 144 828501315
7 70 573401065
14 19 387647675
26 122 373595275
26 134 694159498
45 90 635502459
4 86 565955548
121 135 634393340
41 104 868820948
86 125 415429672
33 88 878921657
106 115 118034425
127 147 565377343
112 125 137578979
95 150 782167496
69 110 533827085
15 99 938166244
51 55 784292675
47 81 954954839
119 148 776420866
76 130 482664693
107 144 529493869
66 71 260407484
121 143 230435068
1 11 952545112
129 137 943721588
24 147 253687220
65 139 964621159
105 111 914870551
82 97 767343460
19 45 417421301
3 66 183001260
27 129 181867363
89 128 916342720
74 120 586274094
34 139 419330508
14 86 843834210
100 146 156543142
54 66 592427645
85 124 174417095
55 80 393166086
57 101 142750491
55 150 652779714
90 123 325776989
114 129 223613778
32 86 935534602
57 109 101475523
102 150 828963553
31 43 821192601
40 42 612860651
21 80 800545017
31 56 120562892
3 98 521980352
20 147 666738399
39 118 590244208
89 143 482137251
115 137 352435001
59 93 670578047
70 142 685052541
78 97 938385474
8 130 701148949
31 62 792711001
13 148 304318923
58 136 870277226
6 79 717574990
41 127 447948759
32 67 816723013
38 100 200620223
29 119 372486151
71 73 990708374
34 143 758095269
106 110 910142942
4 44 447012132
45 53 204845535
68 79 296423141
2 12 138600755
17 87 659973671
36 67 569106148
17 73 471662206
99 116 604629166
2 70 250212205
54 142 535421302
30 46 586802681
8 50 256735849
103 127 964276432
11 49 332052610
80 119 364536688
16 120 803803173
28 126 995644812
38 138 790073209
10 112 394025155
74 144 313731394
60 136 210274855
33 149 568518348
20 118 582070158
17 60 246601584
73 149 571459492
48 110 264649915
68 111 722172735
37 91 875944031
27 45 699188168
57 148 875349720
8 143 896027613
121 133 632510002
47 61 764074262
33 76 557676028
108 123 658932107
24 136 126066116
86 96 365492481
77 122 759608039
113 134 877217622
31 79 486898427
56 148 899043151
5 142 485044750
117 145 453702791
25 75 556275568
29 144 962057384
40 62 121169674
21 115 685424829
23 148 926554198
51 104 955552217
33 114 759718275
22 135 799958487
30 36 218935575
11 57 892487129
120 149 108422950
10 14 945370891
28 82 823452976
107 108 520203212
75 144 149111290
42 108 360531593
40 66 411289470
79 128 743069432
50 147 119778942
2 10 822396337
99 125 734973865
38 42 789020759
132 138 884513439
11 107 693997861
26 129 136934232
85 120 723429769
33 63 845842167
94 129 444279064
69 108 989194494
41 120 637013467
107 120 911928396
50 135 499594680
33 93 499969874
58 60 909113216
44 67 923387160
118 145 380604825
34 129 818608822
88 117 989875589
1 24 335301567
59 69 700303812
104 138 670712295
1 84 370836181
110 136 292934021
71 100 445352795
61 146 628058048
81 138 639198993
1 124 239226091
3 147 854368960
39 95 273770653
23 26 528452909
52 136 662333005
99 143 821998450
7 67 403409523
38 116 148446993
10 80 493752172
26 63 317537631
50 65 452856995
73 105 246879093
72 95 423055304
35 124 485199067
28 38 248822525
22 121 542641423
28 98 511754153
13 43 325071787
80 84 829808744
35 50 573914337
55 102 952157912
56 96 906113082
44 74 415307940
80 112 629082473
12 30 134615522
68 90 841688848
79 100 997723790
117 121 467279947
9 106 600581536
104 145 634922523
9 150 858764213
41 89 574237109
23 29 430904271
128 137 237696930
26 82 147361965
50 61 973292464
90 110 477574203
63 86 361501438
88 100 323692791
40 93 715425859
43 66 679700492
40 119 859515203
2 23 407317992
111 115 779104165
52 127 120535978
118 126 989456768
4 118 753323472
5 33 673055466
12 136 456197259
3 76 663472632
76 107 898945719
43 86 474919097
15 143 813233406
40 94 562314105
59 78 753144107
45 135 703320937
113 145 502113313
59 94 481378536
5 38 910374121
51 57 475489061
35 45 591032152
53 148 856126995
31 33 606002876
70 99 660708436
103 107 138835243
119 123 149742303
81 106 505080726
4 10 663118121
10 103 139654160
22 80 216691471
95 119 745814655
18 49 964006250
81 86 549905018
52 116 139180594
134 135 174670321
9 72 497006735
9 57 672913679
77 123 979875580
82 140 986360921
25 130 934657191
70 100 980380255
73 125 904876845
76 100 679164387
27 93 227264850
75 91 699869090
20 93 840933435
59 88 602233009
11 147 306646456
3 150 741268817
59 68 848422744
30 50 917716375
54 82 526575575
7 83 755339569
56 115 469082478
78 92 387346295
102 113 833020456
126 127 194170511
93 138 569675300
3 109 456900620
14 138 163741858
27 109 508981356
95 138 488100802
44 116 138002427
1 72 558722553
67 71 797636349
10 121 781896520
106 138 640069228
72 98 128904344
77 133 456644294
49 74 628861623
65 93 207842835
4 93 487792151
31 100 584020060
116 132 617728853
26 133 154783485
34 137 715420694
24 49 559845839
5 24 203619790
37 104 167459592
14 100 855379030
16 145 133775570
6 112 421691849
102 108 267179935
99 132 918240306
50 132 984564787
8 12 361231427
108 145 735317012
41 63 572696808
56 81 991968280
35 135 142731064
65 127 544732037
17 62 431761373
31 58 413385539
86 106 600247514
53 90 790177451
1 47 392510714
108 142 190369041
61 81 609523685
110 145 161040146
35 128 265881658
53 113 538990257
1 28 794213307
19 143 844425216
58 93 344337906
24 112 832086783
50 95 340311556
5 66 741238583
80 148 665991789
126 138 751591723
38 128 627907184
29 117 757300834
6 142 102272143
59 71 800046579
59 95 162758270
52 61 322036589
4 124 642466554
12 132 111966659
70 135 553107491
18 125 660643431
49 82 861502717
1 10 367702025
75 142 424466115
75 81 888309597
8 112 701907882
63 140 452351338
3 64 490558783
33 141 822402993
107 132 528815616
17 82 815319777
13 36 610529511
101 109 371521638
44 140 371233173
87 145 381824015
124 129 845299069
51 52 992724832
75 107 492741391
43 100 881045516
23 61 271198113
100 129 261399563
6 31 960998352
14 47 244317546
83 118 248939269
35 48 348337903
61 79 963522337
7 104 888285590
5 101 454957858
63 148 553508915
14 114 989452929
45 122 259416914
66 80 986192070
36 109 201793793
61 83 418719756
23 108 909041242
62 144 561068959
50 121 579628015
31 117 891598003
84 121 110708764
62 147 214030440
34 136 487098338
46 104 298945516
31 136 787144144
14 18 575701830
66 146 239872270
76 145 353770786
64 139 217284490
59 107 841058920
20 126 703118320
12 36 817020198
22 37 233244604
39 123 508282785
28 122 152914191
61 104 893327598
79 88 819857861
86 117 410008619
25 45 995486174
1 5 684790356
106 147 428145807
35 54 254117641
67 77 376748151
13 25 913462525
35 99 804249493
39 57 945064574
39 125 150721561
59 150 902332567
82 114 360910338
52 111 443907448
36 108 820525650
38 93 104772136
111 112 859351172
30 108 626363936
55 77 366744376
58 109 900692843
12 107 389138159
49 111 296947958
30 150 435777865
10 141 611231308
94 126 309001780
30 81 443454384
9 115 170107266
130 148 245188634
28 123 616736459
5 59 445166784
98 106 130446371
72 86 645510869
109 116 306351142
68 125 837687815
93 147 166316233
51 98 248247487
42 107 336869098
18 31 396984685
37 87 510770629
21 44 747759855
33 35 608699579
75 140 948893881
11 131 694850323
66 123 304001732
70 110 752419235
82 93 803528477
8 95 253262505
11 111 193458751
35 65 356577527
55 149 329409938
14 69 124273222
30 90 448128362
18 144 762366029
14 24 462561535
63 67 185536070
73 96 610008901
115 120 730131207
72 114 848553581
28 145 190345476
40 89 456690511
50 124 439769908
94 102 914493686
37 92 365044425
104 124 373814121
5 100 341984970
110 124 823115489
30 149 372913947
40 44 335689143
112 126 937348422
19 86 713722940
52 107 472287964
23 87 736724648
53 55 794082190
60 77 845317490
4 54 763187981
23 76 916812482
14 61 623562634
8 87 415573897
1 68 587480844
62 101 782995687
14 129 743483873
28 40 685552883
12 52 860301106
33 81 840141197
126 135 827018667
10 19 627231775
59 61 565167350
29 105 158553922
47 111 679355351
66 143 261772779
81 104 645575687
80 109 590600646
42 102 607036310
24 148 303776898
43 130 701337904
55 134 380198845
24 54 760433445
5 7 710009190
7 106 854936428
4 55 716048742
4 29 555151791
3 25 969163246
42 144 201012417
19 41 293198678
59 77 439873655
128 146 234623685
30 103 252624948
12 47 650205050
62 124 704267063
13 134 864338865
32 36 597365568
70 131 292863573
97 127 991679586
68 110 323439950
21 78 783637432
101 144 984903866
105 138 560579526
94 113 772973951
93 145 845735976
85 103 333529777
94 105 320229635
32 51 586895152
97 100 630421215
67 69 750286479
27 67 388568735
28 72 750542009
32 81 886058441
33 65 191053511
35 51 845338554
107 131 723849436
2 143 820138627
38 59 664430095
41 148 819710746
125 132 752644062
25 97 363519260
4 73 234538357
11 16 503152782
8 20 439523639
78 103 216408249
103 113 701999845
73 145 661391227
22 116 799974474
105 133 676853267
74 125 355111701
68 130 854719371
74 77 450135482
75 79 490478632
78 125 650922771
76 83 879356338
28 143 803954749
105 137 496310394
139 145 942532903
115 130 545158966
31 130 900065973
9 138 145264033
66 138 167141003
52 89 534507999
66 110 622530433
52 100 318914792
8 11 821699261
4 63 105394712
35 57 718329121
105 139 324101091
91 103 636098483
94 100 964939880
32 63 196813012
14 112 533065201
85 148 583971386
78 83 181307104
96 100 204281429
45 75 943001857
16 93 358915997
65 122 937524173
36 119 224508647
57 68 945365136
94 98 212859570
65 72 705538070
7 116 281522497
130 132 564244559
50 120 162069105
85 113 341833230
73 126 438618852
114 130 256966215
78 95 823676294
65 131 715683257
49 51 322376928
65 119 155167632
11 39 591275238
95 126 471043221
112 120 845325191
3 127 322368243
59 110 137935975
44 130 508402318
29 71 820274458
1 103 669006415
13 90 654007587
129 131 381911859
29 101 234849421
138 145 655155730
36 133 655742133
13 29 425509960
7 130 355712869
13 86 654158564
32 107 556889488
8 54 266891027
89 131 547675508
26 32 753381888
100 105 503889190
74 131 568156493
4 36 421333781
75 123 839804884
76 139 632156681
123 129 965589535
3 89 516063108
37 47 544576401
139 141 694022761
61 77 964877328
10 143 815876878
125 136 309736239
39 58 169300371
45 136 731426257
61 74 654402670
95 118 833843413
25 51 873392602
20 101 750416703
37 55 814618225
57 136 361992753
114 128 936624513
68 75 173977995
33 124 854915433
13 55 283213580
3 148 870531760
7 92 265384931
17 131 802388327
31 143 154167495
33 142 362543000
127 149 932227645
111 136 565733356
85 125 233967901
86 110 858924717
63 83 960107769
119 136 663881838
9 134 610462941
41 50 240507795
92 139 362638392
21 111 149946568
134 136 566746409
54 59 491547451
32 76 317329410
72 120 498643156
23 106 785354854
56 61 370480777
100 131 418077322
71 81 642749431
77 149 538942205
16 71 494407792
12 129 136026196
115 132 199417252
39 48 295116225
20 102 618864492
44 78 236994792
48 147 223285929
85 138 689791991
72 93 169290453
80 94 280051483
100 104 117194649
6 7 471322375
27 134 586137920
63 69 456979565
79 134 145768530
116 145 484872024
9 19 174648915
79 118 708065166
55 62 290565686
49 90 564530688
66 126 756676993
7 128 844459544
52 54 544417863
37 81 819934448
34 56 646889553
39 106 937843683
61 133 316433488
64 126 515745520
81 108 258149847
58 120 585434020
6 101 896102322
34 103 875188470
40 70 263635265
10 111 635172572
62 72 165774070
56 71 208881041
28 43 114005827
81 135 889814648
51 81 492404130
56 73 950805023
16 17 940864300
104 112 643166018
85 149 941993038
81 117 871718195
31 69 303487096
77 148 663947944
59 113 456133878
98 146 852247638
33 103 358716143
43 108 223731009
57 128 974094995
2 137 481957261
67 143 966018352
38 87 913367721
65 129 308898020
7 132 524430983
50 119 823615881
103 146 353179350
16 119 383565622
7 117 246023094
16 108 244843629
27 34 306136373
78 140 229897719
32 84 843711705
61 129 540431204
96 103 625848055
114 145 404488280
6 113 561760807
72 99 446739496
14 110 625492971
88 121 725930991
22 87 540763079
17 88 592683118
56 105 475687717
33 140 845137149
29 130 453640013
13 70 513610440
25 117 574897160
85 92 395375667
11 70 758446243
88 107 938257013
19 109 838539009
2 142 173244197
93 106 204694917
69 100 682223294
12 93 323338576
48 87 970313211
121 140 224249262
110 118 220002718
30 35 320862991
13 112 274125594
70 141 961685438
92 101 877691540
102 117 800572739
17 111 273876939
7 134 201604528
42 101 726173592
78 149 735823709
87 125 830231711
22 64 554613690
87 120 766409228
2 119 701685877
60 88 983262861
7 133 931755534
11 52 619624490
49 133 469006838
8 40 368114103
24 89 213679787
11 130 396764773
91 126 924248996
25 35 270178000
95 117 244016274
75 111 990017256
76 128 717638914
10 144 413983317
58 103 424120341
118 134 457787800
62 79 774636519
15 25 279924490
6 43 385408030
22 105 868241301
37 132 219151704
93 133 524491518
15 21 665210033
4 131 873873029
16 63 535758243
59 142 624191881
55 92 704673273
58 125 966268427
77 91 649161027
5 144 602007218
10 120 244241830
47 66 267168371
15 69 482440427
10 47 558743884
25 123 329482992
136 142 928817334
87 140 668029202
89 92 532645754
31 49 545653667
18 87 661531641
49 132 510522788
115 123 672056577
5 116 391077924
86 107 303158900
28 150 275656522
28 64 971596116
76 123 936763705
55 97 309095690
16 70 868981510
59 136 666811342
12 127 473949363
98 142 547787712
64 101 541828282
110 146 837835057
132 133 547274856
104 107 713581347
6 80 365213808
6 50 179658538
28 34 546014646
52 102 714705250
104 114 562269041
41 65 830315545
78 96 925492841
47 62 541979588
97 102 539671095
44 131 152569206
17 35 442302960
9 87 345999843
130 146 261410557
49 73 203975533
34 75 283682215
40 105 538667520
87 149 132367176
23 128 196492205
18 138 141055528
19 27 245257559
60 142 191366798
84 132 676248465
33 61 874079047
31 142 485029631
18 61 794729934
15 94 165458384
47 134 784490696
105 130 823370897
71 125 918858285
23 51 573148434
15 37 670149021
97 147 512970126
70 148 376253123
30 67 214257369
9 92 642083161
19 147 385572441
21 127 765113279
54 74 685149493
54 102 300920168
65 101 641706398
19 91 128372659
36 69 198109219
34 63 408984460
70 101 418078434
97 104 160823838
76 144 582280294
116 126 321232569
23 133 678788988
118 128 501066429
11 48 966414720
119 120 257400214
64 128 725301977
2 86 517090439
44 146 816799962
90 146 376037984
34 73 252184416
134 141 599358678
50 90 981966868
108 128 669641381
20 77 561100113
84 124 562520338
111 138 598774727
132 139 337437350
47 113 741566559
78 105 961396252
80 141 206936862
54 141 114353833
44 107 595438675
104 126 144942121
76 99 779565296
40 87 979806531
5 63 945728839
108 141 270303735
65 111 746698527
38 43 781875481
15 50 344813276
8 89 704230830
32 89 212236557
50 146 712931086
10 149 881568204
9 75 250099319
54 135 658159099
16 132 458585377
16 76 775570165
70 93 616662854
87 94 885015693
3 92 629587731
35 119 480266292
66 72 157949653
33 47 921064994
68 108 785767082
120 128 953154715
73 137 429333228
99 107 568232486
69 72 946727377
47 65 793724216
97 111 954783385
138 139 489240503
5 77 549531520
47 48 695900593
110 139 271319962
6 102 464044633
49 147 199698480
61 111 108286061
24 114 374439176
119 126 236823936
123 140 391508870
64 141 466121837
26 96 756848799
4 13 151096546
127 142 820175726
11 43 382351585
40 73 853754517
3 61 726432647
76 79 900919309
35 52 969837938
17 61 320939268
104 135 745918038
64 84 129130423
112 128 764173021
84 95 383172808
76 93 398109142
20 69 467200100
111 144 449976641
43 83 304873597
61 63 902261814
100 145 691099583
30 119 266564499
88 93 279668765
62 148 836147034
36 83 566884841
15 134 753182014
121 129 603373319
37 67 193485887
141 146 796101609
28 68 342733461
8 38 277682839
37 146 948778635
25 82 813204769
2 102 169556371
70 105 572222248
1 122 106884658
103 114 295979872
98 115 621719588
43 146 478050127
35 93 579021024
58 68 369885277
10 25 824860398
101 124 446778013
62 65 969435061
16 84 199208781
26 111 592988938
8 78 465708580
62 123 552011712
25 47 640761705
83 102 449856505
93 131 901858530
4 21 470997599
69 128 921728573
3 82 247089478
65 79 504207786
67 130 730285710
52 132 997820043
20 100 678876930
29 72 814686020
80 131 643450896
31 107 195423398
69 150 281484345
57 121 297843353
86 147 255272522
48 76 752139857
13 131 893491633
64 65 376749432
30 129 259616573
109 127 630165089
20 124 594236116
109 119 769824623
109 111 550458577
51 60 951571818
22 54 678557155
10 82 874246222
24 31 267873865
17 48 911024753
14 81 366217233
105 134 598894932
47 50 648750611
76 116 240452928
93 102 938550083
62 92 626516486
4 46 146355127
44 98 473291099
22 28 649978221
40 106 575953563
35 147 769749601
15 101 848602750
17 42 281434585
113 115 756239277
69 121 889110914
20 112 520179257
53 109 687203839
22 143 522964025
82 131 983167944
112 115 469977440
91 140 364175875
26 144 913893261
10 131 449361893
104 131 461656786
57 118 491214735
21 51 875811129
14 97 421179729
24 115 146564577
115 131 391734601
13 88 655506338
103 134 882757448
27 99 995165956
7 38 688226540
75 131 213618896
4 85 642888626
1 147 846493623
32 131 741908527
29 63 178991062
60 92 541006582
42 98 237732304
94 138 872854204
45 93 828626745
66 150 425432554
56 84 860832415
33 77 795131866
72 111 506006921
17 85 760210974
8 72 473997090
70 87 808990940
1 65 991427886
72 79 602915303
6 12 797230175
70 103 433056807
79 126 847140175
39 67 686394649
7 107 101811016
110 120 913228479
36 96 599628894
51 141 198529316
14 140 666888767
33 94 507793346
82 88 797059244
47 93 755392132
41 61 285993721
70 79 983030617
28 41 916042350
52 138 859865223
48 140 742419598
3 118 122300810
109 133 103212369
24 131 965882732
60 93 724103928
26 128 576613630
3 49 109724218
36 77 738019387
50 62 831317551
24 90 735997948
136 147 601085567
46 63 597131870
1 88 161765483
51 73 282440261
41 95 728346608
15 84 935396844
34 118 938205832
115 143 986371566
70 133 935534700
107 147 587314535
138 148 621879393
15 126 125720797
95 96 650432176
77 126 581556149
67 134 239714154
76 121 985988532
11 81 596368737
22 132 886828744
71 119 706435942
106 148 930237372
111 141 648316056
112 122 366876711
46 106 532956039
47 125 163194274
9 95 914073510
45 104 829018171
118 139 303876071
12 143 673268248
31 35 126007248
47 89 232168594
35 144 213620479
21 22 925289997
29 33 215192328
56 78 606976919
5 87 460772269
29 53 281583352
18 102 680204872
38 146 462364711
55 100 437102050
42 69 471213266
28 93 475230700
26 39 735357241
91 132 299095638
40 86 688467122
14 142 284243410
1 91 987583257
72 147 363349130
123 128 702626072
14 116 365270896
45 80 489843882
24 101 650920304
31 63 180199080
12 40 115684614
1 18 616893196
26 44 176045155
121 139 344020522
6 52 163748753
11 22 555710120
76 126 387635130
19 135 324970002
25 92 148042602
12 37 953878507
37 107 615800393
47 63 911844635
13 15 765400035
88 97 910228324
88 150 405107210
59 66 714602377
66 112 312482354
85 90 262819019
22 122 579750937
67 72 823923474
84 108 366693791
86 123 709070208
89 150 531259139
30 74 792491560
108 133 268869422
17 125 658818101
61 114 563153574
6 123 331305196
53 149 318605242
60 66 895449477
81 139 787282690
99 118 217366670
100 143 471546000
61 141 654566332
3 97 641721553
62 106 982747864
1 143 651671598
113 141 560065565
16 118 593503256
51 112 427321189
42 111 743672346
7 66 900894312
56 88 797428914
56 72 225127813
70 116 339927371
26 59 460594614
15 83 292256172
66 82 867177808
19 121 892480230
89 105 618518123
57 84 911023981
39 55 918301920
20 107 567724014
13 37 848201895
16 87 697785969
95 145 547812430
73 76 194741204
17 47 158905207
5 143 971517207
61 131 614894366
9 107 786662380
77 141 654649722
18 123 967938818
18 140 919588879
51 129 977700510
36 129 567834476
50 80 611973620
75 134 874072202
37 130 472285954
10 122 446247757
10 57 297389810
130 131 962520511
8 64 231034367
4 11 428621333
27 54 204502832
137 140 466301969
20 89 622896352
19 130 127452132
64 118 840896906
89 99 906198703
84 114 334123324
20 90 570557946
2 15 541345399
17 70 459998167
15 150 810036234
123 144 425692915
98 119 761666210
5 141 292252879
49 96 326602761
103 119 744760685
55 122 799093097
5 36 692824938
103 120 953406216
30 39 199848183
92 111 392908878
40 55 559366206
28 141 964514694
33 69 154403476
28 39 847186191
26 37 609774195
28 67 684365081
62 131 399572829
85 94 726457251
101 122 216485270
51 143 757467628
52 93 345528332
45 91 350677892
60 62 534908230
13 78 492068741
37 134 605531488
26 77 395314980
37 88 930698178
39 87 259159931
9 33 880762415
31 84 713772123
38 69 145039098
31 119 248462258
65 70 934206939
24 108 786255797
77 121 816541254
20 44 643183329
46 134 732211945
23 33 531578248
53 86 890527347
44 70 302861182
13 137 135215049
52 90 877924871
132 137 834459160
20 34 815988249
79 103 396489554
16 21 925377763
45 134 199532246
20 36 265060165
33 34 332493111
74 86 922098054
11 55 736171221
13 144 787807207
10 104 955918702
105 135 726361201
18 72 202853278
89 121 222667188
18 127 189266499
76 119 505632404
81 136 152406541
100 108 968929110
72 113 628224434
81 126 374308920
18 96 154535491
80 105 947038127
68 98 778130621
98 114 294955270
46 64 270863569
16 125 578736975
108 146 769933805
17 33 134003041
8 75 256188909
11 149 986128007
71 85 442571306
71 134 178460603
91 100 343774042
17 102 925586424
5 78 591376919
45 47 562731766
4 71 616973206
83 132 153405535
9 108 444608353
19 136 661748716
6 36 639467354
33 55 108519349
97 123 986200700
22 144 643678549
35 58 667667524
95 100 973533118
130 138 432697107
45 130 823614092
76 127 148986332
81 137 611594021
40 71 508313777
60 65 727215017
136 138 962956482
11 59 947412104
34 90 270250909
87 144 668985682
48 66 259076704
5 39 111830600
115 142 429956310
57 102 584466002
116 134 268421558
102 106 190305234
50 64 648530297
49 78 524553096
69 90 675511189
31 122 160697184
118 127 885926358
56 106 778698610
11 68 791167871
71 83 109823587
93 137 322016586
66 135 779208771
73 140 114287739
9 45 375238125
19 116 532589066
53 127 956675632
9 66 220363120
2 39 527855481
101 110 509161979
29 83 894837687
66 136 424455625
57 132 778956224
83 121 162461379
65 126 762800106
120 150 158570828
58 124 393470152
73 135 541165606
50 54 607491939
105 145 340902580
68 112 614358855
115 128 991173395
92 127 602135260
71 111 143313464
19 92 393862123
138 142 789728039
6 105 747679026
59 81 417238471
64 89 890791506
92 112 471290935
25 113 910878831
33 52 934510864
24 46 724758135
79 125 140393808
5 95 748710860
35 55 638790114
18 111 818145919
52 121 852912849
36 101 651727282
54 101 279777289
16 99 669984490
12 130 918361974
121 150 197850608
124 146 758054421
64 88 249455063
101 111 181809917
55 66 158788650
97 112 158452748
109 125 670499486
60 67 495328753
9 43 653433970
47 60 709613539
123 150 519634822
132 146 651470812
90 145 365781178
18 30 141585173
62 90 336179962
126 128 213830072
3 122 743882128
58 102 661808742
4 37 750813920
54 105 530346932
27 127 973518948
10 40 159392435
40 75 299119548
79 122 932525076
95 121 309642016
42 123 376415913
80 121 995378975
4 144 248784901
52 110 454618057
47 79 109119752
51 115 590216296
21 124 205605070
23 125 731737179
68 121 460077206
40 116 618280840
59 103 474514356
81 96 268573867
96 114 722877765
54 78 917611336
106 145 582007800
70 76 270533017
37 117 700209936
21 39 467959251
36 140 680898264
7 85 399813586
89 141 382322519
58 64 590752965
8 104 986134230
78 82 592843283
22 60 370470553
101 105 574247937
14 26 528816675
4 27 403687707
128 130 879555639
26 104 670770541
75 138 933630597
31 39 244377161
48 137 819662210
1 96 528604179
65 118 157631094
70 126 361608312
98 134 239691369
10 118 416993623
102 145 218323836
21 56 530902123
10 106 919113351
66 79 884810916
3 108 502748051
9 41 395480961
34 112 351641885
127 133 566272031
21 109 274153135
26 43 809158975
32 52 808337934
56 136 285377381
95 144 531435720
9 103 912101415
62 121 982237340
78 87 250212029
18 148 525733375
77 119 190208028
94 109 833966414
47 108 739793215
1 51 567653366
3 93 173723920
15 67 445091177
42 80 562344944
4 83 975246683
21 65 780856265
12 122 262602896
123 141 475186368
79 99 273031143
117 150 841518160
16 66 782953205
49 93 697207571
64 112 318989832
74 83 374509622
77 90 506503724
8 144 836700856
16 50 564471167
7 108 883485071
45 64 263053866
24 57 220290150
17 19 689951509
31 111 963235609
19 69 796515511
84 118 790136134
41 121 897136489
101 112 429046938
124 148 850775492
126 145 374063304
61 149 342520901
41 147 130815686
130 149 109287742
3 63 212492855
86 149 706884322
27 145 524576948
61 128 487830921
73 115 662234580
60 89 827579376
101 118 887651143
43 133 350975406
111 143 647721171
55 69 804988761
88 110 653648567
30 69 775587342
38 117 513187672
1 139 820005292
23 84 337433629
72 145 584094527
16 139 311332120
18 55 162985988
11 20 861129575
11 106 850536851
37 80 223231346
37 83 195877880
38 148 513408173
36 87 764667375
30 96 868998794
34 37 315057904
2 96 573780282
1 58 445265275
6 128 708707682
26 130 530640058
55 112 755955858
53 66 900918969
94 133 183935667
60 73 271934296
22 34 681154522
54 63 237490287
18 118 795464269
120 140 774211046
42 72 924169391
85 86 790806844
100 142 445921076
66 139 357960309
21 75 700457732
112 123 851458325
89 106 914274952
72 122 681812559
121 136 781967654
13 19 310194507
20 51 725635734
35 138 374163828
16 143 391179351
13 76 340844548
6 90 895098639
14 147 840736071
38 137 283653634
57 74 788480982
144 147 461694784
43 102 966617106
56 131 772482684
5 17 661333842
77 146 193445817
42 59 224272632
15 132 161151331
12 97 570568995
51 146 880161284
32 114 864256365
86 98 363987546
60 109 877396562
26 95 628345927
3 130 741622853
19 77 598652968
61 117 204200808
41 131 286019112
38 122 302111001
63 132 253242096
4 136 182532136
80 115 670228249
2 43 726965866
108 136 285387333
1 76 126291948
16 65 163812294
5 146 603533602
6 62 834141697
66 131 663916485
56 111 548729330
64 66 482942045
111 116 525732783
46 128 642655208
75 137 653857841
5 22 302605448
29 126 158614030
45 55 874972698
97 144 852113804
13 105 738002428
12 124 297648240
84 122 410235201
51 56 814015947
13 52 265811549
27 137 936332151
57 117 922999278
86 104 470556462
17 96 716889362
25 36 153391336
13 119 168521566
54 72 249649786
4 134 318992776
40 144 222873969
70 139 566501657
30 63 693362144
10 109 233537043
19 142 745055630
1 78 852232427
10 124 124819551
40 110 961323151
81 140 871889185
72 119 661789454
123 132 374105057
65 69 364699616
23 31 790660017
42 67 641484974
31 32 937038822
31 60 292404983
2 141 285505838
83 98 496454457
6 42 383236466
60 112 700139959
33 53 704091181
50 143 434032037
15 74 928341854
112 124 499155409
114 124 768519861
28 87 460363614
14 102 521802387
45 98 632289708
40 76 262845933
41 96 785118515
128 144 327359528
79 145 896864404
125 141 346634905
24 121 123818073
25 44 711547422
106 114 865514229
112 133 720756260
9 85 803879516
12 150 811770296
67 128 577152408
43 148 302563114
80 108 281622694
48 84 203638662
77 95 748712351
75 93 115441505
10 113 249456344
15 35 770493454
57 120 553910540
33 132 773778833
64 130 869976491
29 92 100756679
43 69 934659458
49 115 362642262
35 70 499305052
79 117 899428152
73 146 647453066
56 58 865474913
71 142 592980934
29 60 759877185
1 111 504484469
96 115 468297158
126 142 387843872
6 108 465879020
13 48 104411342
22 142 915410221
20 86 311249110
46 114 597955870
119 137 830200821
25 107 431252019
17 121 364486733
48 139 142760754
84 112 647201887
78 94 117736871
5 48 831291145
46 97 508041776
33 44 957982912
19 62 208646444
34 91 610979044
26 49 111127702
35 125 680963550
74 139 887881812
69 99 737449611
62 105 496748809
61 147 627988548
45 69 418664379
40 81 561099082
52 126 238385617
7 141 113941707
25 120 945434354
76 129 966028541
93 144 241988534
35 145 242229159
17 149 399280612
42 134 295074329
11 99 281106010
108 126 580786273
4 147 851671081
32 92 997751961
11 89 477536777
2 99 413313718
14 45 584622029
137 145 287828201
8 92 925103611
28 109 714822669
137 147 559969697
29 35 648529924
90 144 970474116
72 133 576010111
15 100 770468563
1 8 803605449
77 116 132309223
83 143 793014827
16 23 179049298
113 131 609359707
12 49 600193551
42 120 410008802
58 105 244508399
39 96 364243437
97 143 643505501
8 96 542655049
1 87 223088499
4 137 348603230
73 74 499280820
30 106 101318819
21 132 333577187
53 150 985929811
114 133 961645094
43 46 940323212
21 133 936162804
50 93 733207124
49 108 557057069
79 84 416926528
37 62 810090423
84 103 493552440
20 144 997460588
52 71 286909604
18 40 992114900
115 146 194964887
39 140 998492764
24 61 910039047
60 132 923406566
71 113 312479804
6 28 411842448
94 145 203675467
58 108 639641240
50 53 775240487
4 150 594874370
1 17 542762072
79 91 639455315
84 97 640172919
104 119 765080762
83 84 609542284
9 20 566793845
54 95 388912336
70 119 372694578
103 118 237189503
27 114 676426442
77 103 202967330
30 32 481285512
66 141 774302056
8 94 904824221
100 114 285999858
1 134 667276015
29 131 517084883
25 56 461908514
32 98 461306300
83 138 613000434
52 128 862867310
77 98 483544828
95 108 200655070
24 37 895694722
27 95 855792662
106 139 332434149
77 113 191489610
92 107 816742205
38 107 270881669
70 91 136481795
41 111 351317277
11 97 844933488
119 144 820582463
10 115 601053339
91 124 194651708
36 148 216039873
113 148 393853127
36 53 177252638
22 50 777123756
81 114 389847118
88 147 560069338
27 133 792110909
51 75 769904383
19 35 532675047
68 138 808043244
5 79 940533458
129 150 993197106
17 59 739721182
21 60 139778443
31 76 744528012
41 141 291018865
65 91 137906959
75 126 293544612
60 75 612819489
66 93 932965667
18 82 448129536
137 143 927710584
49 101 912735155
57 134 654758428
5 111 952610699
111 113 287812864
31 75 418305590
127 141 828725942
1 113 673236026
7 143 817238638
69 147 693134977
44 135 355221558
57 124 254579437
62 110 466748803
12 96 469900300
34 83 461113699
48 59 749808184
111 129 657616893
95 98 435733314
75 116 695819693
36 80 772316170
11 109 109348691
107 114 546132021
32 106 217905827
48 85 420659486
53 135 151103909
72 124 879379670
67 99 412126335
5 108 684513821
25 138 965017714
53 82 433471974
44 150 860263435
46 83 854764703
38 142 575642094
59 130 652502816
60 138 435478443
73 108 626125461
39 147 327727781
22 82 177726082
7 112 826428652
60 150 231535329
14 148 438414593
15 75 869931966
27 60 947175103
22 81 987770458
28 96 602555937
45 71 467572754
33 109 821837673
43 129 813287504
52 134 857065056
4 69 917157917
34 81 525692433
21 74 547565532
85 112 795515594
68 91 450867419
83 116 823241662
39 42 832112328
39 149 259562962
11 27 628149993
10 72 857559047
64 95 356230016
93 150 552199190
70 111 162253255
46 108 455366747
126 147 257810483
32 104 615200630
20 27 128681104
52 95 560543390
97 146 556812290
13 150 902090239
9 37 577177824
36 54 749736217
127 132 163928247
98 131 474178764
10 49 825770164
5 41 633571188
9 17 426827490
7 65 175969037
37 110 869294914
109 113 962023947
16 77 547986934
82 90 790979593
86 139 699822404
92 110 792258937
47 147 686753847
23 100 844893049
27 80 748724053
75 94 266235866
24 83 240560446
32 118 856199710
51 79 433992854
46 86 367093768
42 104 648988129
4 35 272992380
30 93 121312470
58 104 790796006
8 41 640141016
63 89 673882522
26 66 642106674
72 149 893265465
69 71 489963673
99 149 915244412
54 147 196188850
57 114 462193306
36 75 517933013
32 126 769431092
72 106 702962924
78 127 261708622
1 142 784347598
23 48 637434870
96 148 126197991
98 101 789356833
44 133 379424801
121 137 671645608
31 87 769682889
1 39 703370948
51 67 494569249
7 129 632947105
96 123 309149781
35 66 766021046
68 117 247418161
103 111 986934632
27 136 432992255
14 121 345499652
95 111 777859113
22 119 465651547
59 109 156200716
124 142 265303396
19 114 760374976
4 34 286232212
20 32 552121610
72 102 903822866
10 46 933817321
61 92 677293903
26 142 396929724
123 126 309101607
52 148 484330145
104 120 333806073
34 132 999508259
74 110 967679037
88 114 394563083
6 139 867426338
10 38 415365130
98 108 736687723
63 75 528918469
45 105 310613104
15 116 478710150
48 60 403696389
8 69 797324279
48 136 929528166
46 87 813122685
37 63 666444436
35 60 157377351
74 101 185025829
21 94 428651153
52 105 427196771
48 88 603676005
30 54 318473931
42 110 730895568
33 57 132625968
2 95 835765058
40 99 840941842
86 90 353349332
73 80 752415839
18 39 784675938
25 66 512506872
60 70 677505785
108 117 600592505
18 25 530043606
63 112 682563919
33 84 804574381
99 133 312315200
104 105 598520220
34 67 322280242
110 143 664360527
114 139 155554343
112 135 264541426
86 137 245376467
17 51 310616938
32 64 142557987
7 23 767177128
17 101 880987346
63 110 148238606
16 62 727446451
60 76 434165193
41 125 189694492
41 122 275085690
9 96 527918872
66 84 884172006
38 131 215792270
28 94 122909815
17 98 266914265
98 111 731877537
31 110 863838949
8 28 787790795
26 69 725263155
1 40 611673481
24 98 343593820
47 145 725270642
39 56 531411934
76 114 390201932
62 67 807008357
132 149 793584119
57 140 806332263
98 133 263169185
69 131 534563584
80 150 276107453
7 69 311172194
39 60 691787805
18 67 591760650
109 145 545127936
32 101 838193246
16 73 860510427
134 140 737429404
81 84 473822040
14 46 216821646
49 146 865280796
100 140 861614029
58 111 771944724
9 53 684083904
5 109 898406308
23 74 117917375
35 96 303584199
21 43 985868213
122 131 472509901
100 132 532475944
52 78 979211983
17 20 992533342
115 141 493534844
44 110 848397349
126 141 735188707
117 149 326128077
20 53 338704592
38 67 952975639
77 107 335222219
98 149 824226743
42 112 357904292
67 108 916829091
22 63 465639478
117 122 623970240
2 118 830417616
3 62 445168311
90 113 253583737
60 107 846704352
2 16 802169777
70 127 201092852
88 126 236657582
14 141 746858843
129 140 200592569
9 101 682574907
8 58 635199506
12 29 635135297
32 77 492322201
46 147 578437232
64 102 529339074
25 71 110015475
78 136 195021093
67 111 584326160
12 42 719520858
1 63 228817073
27 62 766435304
16 81 275230092
5 14 291822135
25 148 644220012
86 144 924191309
39 116 624910449
22 123 965262619
31 93 233360724
37 75 225235513
141 142 302162419
40 88 349840250
55 136 821445171
77 94 925554523
41 106 791913045
73 111 341382188
120 121 496560164
47 55 141337117
18 56 281936147
14 48 631664353
47 76 242390769
73 99 581003944
97 129 107155615
83 106 897175912
64 132 205665423
70 136 155645194
47 58 490766042
62 63 639238119
32 136 616352663
18 37 478544187
53 131 767405527
19 47 796722006
38 145 654269690
12 111 570332996
35 42 265417322
33 105 663348576
104 130 770211976
9 139 820022657
5 73 609997025
99 101 935979858
19 137 763446569
7 97 373984921
14 146 915191549
109 148 972389971
40 139 647382429
18 97 292675756
86 108 382630452
83 125 928562625
22 40 532661320
60 79 324080809
26 79 633551440
42 97 941199607
18 34 433206386
21 104 431900155
79 82 143981688
11 127 715106582
57 116 613653903
71 101 700039697
37 103 985974988
79 105 807090234
18 58 164753429
55 145 282152043
104 142 704968519
55 137 985322746
90 104 905909128
12 60 401751653
30 122 375411843
98 147 107602756
71 118 122145316
65 124 600631405
11 110 407419261
122 126 834203674
78 114 501279960
71 116 548935928
70 92 357626167
45 58 764050245
82 135 432184087
95 128 716008653
33 136 986722303
7 17 100103092
37 125 724468663
36 147 202431138
17 95 870862497
13 18 814920353
84 94 718568736
23 45 915028518
90 98 182589523
77 128 554822061
93 132 665671562
35 77 794967307
41 73 908304456
25 53 335050469
31 129 188891166
83 115 896063275
49 102 173541339
65 106 428562267
18 69 925079919
125 144 644279046
54 89 643035874
18 51 181957736
27 65 222132965
24 63 593099307
52 76 824614551
4 101 243340026
78 102 850066513
47 70 999999720
140 149 647619037
52 147 997083112
30 89 522531094
93 126 348271135
120 137 165368796
87 96 299352368
26 33 952937640
14 99 350044334
37 126 213974776
14 72 990341100
81 87 135468764
81 95 662850128
60 117 290869908
2 150 948917437
11 91 564207205
46 148 303923486
36 103 342537051
67 123 242042281
95 148 363521174
55 143 659227556
1 4 569870522
115 119 888393307
82 138 999330320
109 136 477879243
103 121 461270739
53 68 456633607
36 121 712135212
11 79 636152945
56 60 210482726
22 96 238433184
31 138 323734722
115 150 330764959
125 137 867439190
21 84 238665155
99 131 184332989
37 144 879754119
2 145 246643895
19 74 189298403
42 114 608919155
3 83 560165328
58 141 299608222
91 145 962812830
32 39 320630536
78 119 636506376
69 149 127946563
21 24 122528543
21 91 838419261
21 114 140811423
139 147 408648925
86 124 372194859
21 118 128821606
11 65 395061050
93 134 960569107
27 132 183341849
85 139 802917002
44 63 997681288
96 122 279875370
55 99 358337447
80 98 792911706
105 143 460273384
14 135 450259941
25 100 617693064
17 18 525033073
40 134 125808972
85 134 175719207
58 114 569650636
131 139 744709105
44 143 692877657
50 115 777906382
63 70 458392303
56 137 565953571
65 109 598108571
5 103 437513797
17 58 377136683
22 149 464429240
46 79 634832638
97 148 878083163
14 123 830485481
78 79 354851480
112 144 678876611
13 22 200143532
40 102 423570891
15 113 903416648
86 91 553456078
8 31 700671761
27 31 559170531
67 132 202945552
80 103 294542492
7 30 494765851
49 123 863649335
63 91 124824338
32 122 227368951
53 133 148039065
73 134 402218741
113 147 876743667
52 133 195661904
7 123 656529337
116 140 541054177
53 123 730776972
66 70 779485452
59 143 929935243
9 46 256022667
75 84 174192600
77 131 331887833
63 99 122101523
103 135 827642383
43 137 933166964
59 85 287965617
2 45 550095456
87 108 528992550
43 118 597604806
88 95 453109399
6 8 112132390
34 58 341162563
93 101 193756960
102 112 375502645
15 105 417344989
26 30 600832120
25 150 131047267
21 57 956694766
14 44 821451078
8 105 714653208
10 150 941958492
45 95 214115032
95 110 838479522
48 90 807525121
36 149 608835423
7 95 642536729
29 143 465220429
91 110 927201864
2 124 909044675
33 92 185511132
75 115 148189447
67 115 236928509
113 127 687854488
55 142 533689842
6 145 246389473
36 71 259471740
42 147 928807235
36 113 698031906
73 85 428717804
77 132 608994468
21 93 565705721
1 3 395627376
114 146 511620218
21 45 147663013
60 146 367491175
46 85 161054433
11 73 688128434
29 54 885190780
75 104 112992531
24 142 593961728
25 62 345106643
74 137 647104446
2 6 107164200
9 70 692258379
62 140 396417447
89 126 316613650
28 45 426328178
110 130 709126662
33 112 298967747
6 118 542711439
71 75 234550836
11 134 103744236
29 40 181689306
61 101 326478551
17 38 106446206
53 142 373262103
29 45 982368236
38 52 225682276
50 87 918255365
29 127 407043709
76 122 860631634
97 105 669387991
118 120 866446478
97 130 154413487
38 108 661702768
73 109 564752827
63 80 724413503
39 134 429255007
29 120 611757207
46 120 967578017
29 111 466815236
49 110 797684660
20 81 887524557
14 20 313322703
41 79 881120560
23 46 972284561
20 115 717251815
81 127 555821210
83 103 491898641
69 117 280549823
6 121 787679776
19 54 213718354
60 81 568054757
4 133 294425496
60 80 749541186
60 83 661708791
54 134 700183290
107 138 836997408
27 44 463077174
27 130 352190270
78 128 419211003
43 82 203163353
17 113 359598427
15 72 944401187
71 72 439889682
31 133 357979013
61 66 818541733
39 142 290881719
84 129 947169925
82 89 220299660
39 89 440003631
53 65 634316806
41 109 724118188
84 150 884521935
46 117 924350979
28 129 582298702
44 134 717005330
57 90 146713346
14 22 559141099
45 118 663334241
102 105 149307880
29 56 815663843
62 66 961369379
42 51 494107908
6 56 607651861
88 115 491118100
46 126 356797475
68 78 586699438
94 130 422644322
34 94 313138095
17 130 703905417
9 122 715945340
37 138 323106271
34 100 213788244
98 145 907982206
5 11 702178140
122 149 568769894
47 119 921566904
99 120 162236064
67 148 702791039
83 87 452451237
43 57 407102184
56 120 220418877
35 64 568923775
27 96 361014259
27 122 319872768
89 133 665709312
71 128 908538002
32 74 458151630
6 57 449357693
33 129 146997908
30 77 375686577
80 104 535835958
84 142 611336113
46 116 878360728
55 65 738124932
52 135 118384226
67 97 174597517
105 106 875285907
13 104 433183834
10 22 301756343
46 112 748433209
41 53 100728764
4 31 876522129
92 98 116223646
60 126 722708863
40 60 935903904
82 105 561810649
29 129 536374934
129 147 702510508
59 128 290135533
45 77 568946893
4 62 525814604
67 150 378469136
58 107 467956849
35 133 272605942
53 116 460337698
8 67 908104491
42 85 536307537
106 144 511625353
13 106 213859298
5 92 109155088
46 81 715236236
49 75 610540393
86 135 643055397
69 129 396341089
34 119 987787993
9 113 913353187
41 143 485501631
107 119 468847530
65 150 316620377
1 9 806820493
62 77 306659441
61 65 364019740
23 57 496258616
4 116 427370554
36 43 941529671
5 90 233297935
20 82 575323507
24 64 870438324
120 135 605970370
78 109 578544735
19 93 633864288
92 93 488409897
19 89 824952326
28 117 390020235
8 21 383458182
60 119 828419869
106 127 197809455
7 146 610944838
121 145 884803721
30 84 909523721
11 80 139121612
25 39 832497150
36 144 643637824
102 137 864943817
3 20 391165188
1 130 144083835
32 37 612596236
81 120 878730508
22 100 327716010
23 91 988437790
24 105 130349615
97 139 741738124
53 85 721561561
72 82 872081797
50 139 383407220
51 114 277514326
90 147 305607340
91 106 545259262
4 15 981516144
14 77 314235222
43 58 566270873
104 121 356483218
62 114 896623382
96 144 864860919
74 95 414245709
114 150 154815482
32 141 227238322
61 89 492781824
52 140 506780300
27 48 885842067
36 50 982606675
71 91 758307426
25 80 520412945
24 143 113487768
49 76 421113293
89 95 905343785
34 110 702453892
53 112 202843427
28 138 512626224
14 144 542982917
138 146 748516314
70 72 547479159
95 143 613669726
14 105 250727601
119 138 331617515
57 126 289974639
8 123 652245345
81 148 722954766
32 91 885222214
43 90 753340548
70 74 218913223
23 141 165765465
9 26 982714121
74 109 765247333
122 145 388092991
94 149 307384780
82 117 475126204
59 138 894047519
21 66 659158287
7 94 450165412
36 120 662176801
13 14 396767966
54 68 370496316
27 125 643897135
44 47 268603535
45 89 636103690
108 138 698904397
59 104 683834488
111 128 303155605
39 90 810877263
47 102 233504291
51 127 163831309
41 54 788738365
8 109 916649234
59 131 440009852
12 76 123348562
119 125 394709973
22 93 826748793
52 60 134043436
11 135 402304671
23 93 786219610
4 89 204802930
124 125 316405526
43 142 638233652
8 132 174239264
84 105 748326683
99 109 333664225
87 126 291815821
41 126 963978103
36 123 419059890
48 98 885202151
12 33 853940255
29 44 675875471
62 119 557495251
71 78 206913799
39 49 147194520
42 89 498148312
121 141 488594085
23 64 489344267
6 130 995706380
42 126 472728506
16 45 469716692
12 15 271586620
77 96 617320791
62 76 708611439
16 39 920859204
38 90 398991861
8 70 487231521
57 93 857444079
52 69 278820399
92 97 420923843
39 110 330878801
63 73 858870726
44 45 315232144
60 114 332309533
7 122 219418986
32 58 515208380
56 92 711254775
39 77 651281503
39 61 941999529
18 139 105711717
49 71 940263939
48 64 568446307
63 134 237410599
53 100 161505400
29 87 478766786
37 79 457008792
55 60 169271659
61 84 595503649
52 108 755859634
75 87 783267063
30 51 269311753
40 136 420081920
42 139 736714035
17 103 151790667
76 95 901626039
58 132 832681536
34 140 130858036
25 140 703457758
14 133 788763715
63 127 493216416
31 68 642925604
9 125 580012885
95 112 298341844
14 37 477523768
141 143 912135282
100 110 710177317
19 122 212735432
49 86 749259449
42 143 319264802
21 70 407329766
2 93 750034451
32 133 157560688
102 122 880399753
33 86 351066056
15 129 677779850
15 120 528341549
18 93 794538342
97 145 317315681
23 132 265975671
20 143 182242060
21 69 150246113
23 67 468919578
50 57 693934525
57 108 237047784
105 148 416112842
20 52 262930916
3 40 251860768
72 91 808595227
118 130 630141695
46 109 454097116
58 81 506531846
129 136 922139135
49 89 314596287
145 146 649377793
68 122 798592762
19 85 849708301
45 125 193383759
63 119 770404183
82 126 827495041
82 147 746474321
44 65 952175033
121 148 786761506
30 101 862121515
48 62 249683447
87 109 834152147
110 144 579929927
59 115 533109048
124 150 754816125
10 13 613705058
55 128 108686151
43 65 829087428
34 59 933472834
76 117 982595297
71 84 973284491
16 37 618622422
38 134 295376440
15 135 950864149
1 137 645737335
31 61 389827179
64 71 640354039
52 55 298633381
109 143 829948184
33 116 974777300
90 127 803136919
69 98 795292016
38 41 605847218
77 85 530489200
12 113 180689121
2 14 351569719
57 88 553436851
128 136 133994428
105 142 967296587
29 122 892103435
39 47 487271075
38 57 308598970
78 126 937468912
46 61 744698606
110 140 476426702
17 134 387168541
32 124 330770364
1 27 798754801
120 124 351082992
71 123 997077738
87 99 529204224
18 57 494744131
50 88 541982998
70 106 538233094
44 53 632936771
130 136 720086301
91 98 865689653
43 62 414245664
12 65 369437777
59 140 809550997
92 116 349826014
84 102 957535988
17 100 693215640
6 53 111122327
12 57 862597116
23 138 244710864
72 131 721181044
129 132 450737724
47 77 546368142
90 142 607257773
98 102 845008410
23 43 390988600
138 141 691487170
47 104 375559204
79 86 166679626
38 39 609699062
27 83 703539166
45 114 555682800
85 117 435403996
127 148 609318623
15 68 175653020
50 79 494654065
84 127 780189145
37 148 699960231
127 135 390157350
44 72 211557431
19 115 979617984
6 10 759140624
31 124 527217481
111 149 584167701
26 98 786986228
27 77 763879711
19 119 881205127
51 113 182829690
13 61 982919304
65 117 821034266
100 150 740378598
13 34 805676658
24 135 775276208
73 83 389340100
45 145 665588030
4 98 628953130
6 111 637104897
37 49 366970825
55 91 439090784
83 144 478055365
52 58 994559909
110 117 375309374
34 131 513061356
66 106 749302240
43 141 306109103
28 30 926410525
64 81 146354214
25 46 661282142
8 122 719022690
72 134 248005691
4 30 892026593
102 118 674245532
11 12 271748659
7 42 292340507
52 77 340803230
33 74 868144215
60 134 621048176
102 127 953655502
127 134 943916091
66 68 835248582
98 109 327087083
22 92 491905939
22 44 751287019
31 101 205164122
45 109 202950167
87 131 567217093
38 72 932789015
42 94 850664681
114 121 342011917
107 112 655073594
45 46 730462743
46 137 982819867
42 62 239646787
101 121 551468519
50 136 997378792
15 44 814785075
21 149 301507745
70 145 577933016
67 106 105002777
47 103 335922233
43 138 288061984
8 91 348291912
12 21 172024229
46 53 631647576
99 102 428333113
4 104 934068920
8 14 991744084
12 144 851293127
4 9 523552007
18 147 207558804
65 108 764986937
49 58 668089992
13 24 764018583
31 91 172044034
37 40 886258946
45 96 619604467
20 64 175882785
25 87 967381170
51 125 706459381
44 123 811390845
97 119 114948939
59 92 918241284
18 48 413084880
14 95 686787297
7 8 328076244
50 105 666363780
51 145 215275524
68 116 806519564
12 28 159457321
10 107 647698566
128 150 938309430
66 147 935915482
108 109 539276625
1 118 182089811
49 77 765436142
71 147 563122892
20 142 193755944
89 144 861480098
25 84 161100199
91 115 937089687
34 80 952204919
63 123 757705814
18 114 603560257
40 120 152772974
49 83 674442392
28 148 303508897
83 88 869650146
71 146 588828056
29 116 355980161
66 101 247481465
116 141 842629521
66 140 616772732
63 98 933164468
27 36 978452060
12 125 272752005
61 86 785642827
99 114 500441268
79 136 983555519
45 150 760379529
48 134 441794311
127 145 671857877
25 136 478440738
111 132 265282317
8 131 183595116
20 65 268708428
41 139 544033784
29 67 465601800
100 112 471078769
143 147 415360667
88 130 724913932
57 127 857261946
61 140 746396745
12 45 581154195
128 143 395686789
45 140 895939147
44 94 878660389
95 137 929349916
46 123 278867719
54 96 981597819
37 123 103849420
55 72 555093025
113 138 212990408
10 12 354664869
18 132 475037479
36 61 947005385
21 87 305366651
30 33 605715140
59 62 532695022
21 27 516377138
37 150 235134287
55 86 283478860
40 103 679832411
10 43 139808431
6 126 765920569
33 66 907352172
59 132 472533333
72 105 901079951
89 108 536179185
4 50 370945150
6 117 882929700
77 110 286818834
54 100 691133276
53 97 622061311
2 122 691610735
46 62 416847077
14 58 400956213
46 60 255134144
82 136 283836078
109 115 465022448
50 125 459213918
26 138 314154050
115 134 853561286
71 92 345323848
79 107 748727710
27 97 772808842
41 116 984119157
16 110 982412021
22 56 319529694
116 147 473614230
35 107 730615194
77 140 646416647
25 86 509638597
12 95 871897519
115 125 862935298
78 115 479877298
42 71 567732377
63 135 168352644
72 146 150722938
19 63 433947847
53 117 158557095
127 139 360003018
83 101 956294768
52 117 243197251
69 111 580653904
44 76 263595397
21 23 973180407
13 54 684908361
3 52 288448384
54 92 316944843
122 142 608608213
2 83 277435596
129 146 293015395
59 102 370561679
26 41 488394825
52 144 304029428
130 142 461320867
60 101 839368421
63 85 782638098
44 139 498488575
46 92 550766623
22 27 249102913
56 123 506075761
50 69 926914611
83 94 783791712
48 100 499981594
37 93 938973585
138 147 630891310
46 47 225080915
21 96 978753978
2 74 362083777
16 86 560874893
8 66 267838405
2 8 930498590
24 141 624368532
101 145 746706925
38 102 947624427
9 127 150960398
1 135 358247666
77 92 133264339
83 142 726466358
110 122 213774083
14 132 613412715
122 139 625436731
53 77 932628177
86 130 131755279
116 127 707423595
71 138 587785928
69 125 940894924
56 70 301944183
125 131 767705454
24 85 356614004
3 119 413159063
80 137 447630931
23 73 548899916
65 97 172536719
19 124 209051829
73 82 215186082
1 14 352388676
28 120 566884051
58 78 137037791
84 99 320178045
47 49 904216916
32 68 548922685
37 136 623113707
37 140 816791555
44 59 817158054
53 57 505339000
75 124 380127599
47 138 220511144
13 103 329047886
2 71 734260558
38 58 871985479
10 126 597703461
20 28 863545361
35 108 844833038
2 92 167579183
89 119 296539913
62 139 281872355
56 134 398829131
45 48 530066939
88 138 567880210
3 12 302359856
2 44 823417965
56 75 181692802
46 70 825219217
33 143 711718232
125 148 879140412
115 116 598863713
72 125 350358995
87 129 434656358
21 28 960140033
8 9 480435528
86 109 697854486
28 97 565273939
136 148 179117397
7 124 788238319
15 60 936693369
27 72 986309377
83 145 780866877
140 144 692440530
73 84 475946826
18 66 302614030
136 144 748165912
51 109 406709049
112 119 742900409
134 147 857116414
69 80 404646655
72 148 564604095
9 39 150374771
65 132 165317424
74 79 346289239
73 123 226673182
51 130 706968639
49 100 139742268
71 140 687203220
12 142 260489827
103 109 754829798
123 149 867044290
5 47 525638443
69 124 507736319
47 95 547426854
58 74 762059851
117 129 634418562
67 113 336166276
46 144 195095320
30 53 526247348
55 63 927786196
39 91 110370739
124 140 109717111
16 69 548684369
81 112 160321994
60 94 403102933
105 136 248256543
64 131 283852953
3 4 940206232
13 85 498405209
66 100 704624040
14 59 300331395
4 99 170776439
11 42 929018176
108 148 947725960
1 13 976204528
47 140 115664066
34 117 361748062
18 133 526729438
12 48 807041108
70 146 660289459
10 48 498265227
70 73 102710258
23 104 398161450
7 89 391935501
58 115 149542029
1 110 250993876
8 146 275785146
3 106 626172612
50 51 627211836
25 143 185348145
89 96 139594786
60 115 690224911
54 97 272798714
15 52 423342999
109 147 659123677
13 97 403458207
68 107 355619315
61 106 376690408
59 134 357474526
27 138 502628177
5 88 691576010
55 119 956585926
2 56 428312020
12 62 857156127
36 73 819183694
14 96 209398207
87 143 562720715
13 114 690303358
20 105 190308619
66 85 374557086
50 83 432680591
75 139 721571739
75 89 146576307
1 43 680845417
6 94 171763766
61 103 883933020
114 116 519816412
70 108 813737308
34 66 765122230
94 140 325288496
30 64 447761609
97 124 179758493
74 85 564323478
19 30 761260831
80 136 325697118
50 56 787674304
26 147 764352000
50 149 992854752
43 96 509856711
26 45 635521909
77 101 340502106
29 113 126293555
9 14 797465606
24 41 967511077
78 139 240092595
98 118 512975931
21 55 539515605
38 105 160102821
49 50 902977074
97 106 360191069
50 60 630997238
57 131 788565123
14 79 689569408
32 53 281692159
5 56 634631093
45 127 183751913
48 143 732679399
89 117 220591728
66 99 648077049
71 150 805123720
5 83 747805973
82 123 461400777
17 146 600458660
15 102 812541112
5 136 165980190
24 113 598183283
35 56 368257879
58 84 380981927
28 89 652343899
2 129 635315508
23 59 521459424
10 83 334325721
34 142 369008618
39 44 928126961
88 122 340273082
77 105 312963661
21 77 277321741
39 98 907577849
122 148 651061233
58 99 668764818
62 99 637550781
87 116 306919185
4 45 117860309
26 57 116991876
45 79 729316733
48 51 265640595
144 146 847950364
19 42 149600130
63 74 362304366
11 128 784132681
63 104 294916571
18 135 544690549
53 106 327598555
23 71 565459950
35 109 479377875
119 121 823761432
17 124 382523650
48 149 689373754
50 58 980744419
16 57 507798201
69 76 111961113
23 140 251371324
56 114 605303750
88 128 209635523
57 61 974798922
72 126 746789404
36 85 330108467
89 115 822407798
7 139 668075226
30 118 264486315
70 90 427315714
53 145 262698432
112 117 588016097
63 133 307031857
75 122 655935054
31 128 984164963
21 143 692157934
15 17 599387414
94 121 916908641
14 57 826115441
8 125 871343155
96 117 737834845
101 143 783420811
60 113 300553316
23 112 852984757
31 108 958146979
25 114 402618598
38 132 253233016
25 28 745513896
106 146 163050273
109 135 102838376
96 106 372439892
52 63 186145853
62 145 986504409
64 105 506992159
51 54 985928469
60 69 519307252
67 122 931715382
114 136 525829737
14 17 869437684
59 111 934579659
41 101 566517684
55 67 167403500
24 111 381421549
105 113 478175349
90 93 144180477
116 136 925029574
4 149 911013099
36 47 148547784
17 56 338784797
18 50 503586733
9 137 481273802
33 46 932204457
14 87 295641345
6 114 578795875
3 104 200272064
15 124 369638052
84 115 935272550
41 51 724860310
21 137 186213243
40 124 759285238
70 137 593517761
3 9 259971266
80 114 126129017
2 134 611131718
7 73 816243733
75 146 158808921
4 43 610578297
23 143 975896086
31 127 686601309
9 65 764640210
36 102 297764557
109 144 557303647
4 148 481743802
1 116 167693692
42 54 716269425
14 120 795555185
110 138 722975365
95 131 578936195
45 124 712302239
51 144 106972027
78 90 663130490
36 122 961802367
6 110 186374186
23 135 315973724
35 44 438533896
114 132 548700276
69 119 735234081
43 127 515252350
87 124 115599612
53 91 665543662
69 93 137412306
105 128 656099792
89 148 521347083
28 61 220539318
47 105 513795608
12 116 341757416
68 137 990686602
22 111 625812632
99 130 846349257
28 83 487423589
32 139 405402674
32 137 584936916
63 120 140684599
28 118 853717118
9 36 354931020
1 125 546272602
79 119 473884108
8 47 660317193
90 94 189748122
7 103 755847861
46 103 381791000
1 2 460847946
33 71 586154143
3 125 309518108
60 131 421482349
15 19 251983796
55 103 884916569
91 146 345992002
66 78 277124423
76 124 200657909
24 32 660704486
20 94 545577934
67 70 373644328
30 92 432130378
42 52 623237246
51 77 518451840
12 108 670668964
27 88 881977424
92 118 333945258
11 28 529399050
58 70 171746490
5 102 850436506
105 107 780550750
52 109 844072321
63 143 483499190
45 65 117092322
68 128 348964752
6 32 287550654
36 107 869065182
13 30 225483115
16 26 853070143
88 131 253567213
44 73 209693946
31 77 365373682
49 130 453459655
2 91 580335178
130 145 569728269
9 63 441808193
90 137 485243424
10 24 305359666
34 70 289016348
59 65 650701665
7 149 743800706
54 99 702087008
83 89 619773338
64 86 658391739
78 99 511794867
121 130 710804720
99 129 575648723
3 115 884551517
35 95 527460955
73 148 455547141
15 104 613457770
26 93 657001291
35 94 615294330
64 77 375125235
12 115 364702604
10 34 379226132
146 149 269458948
10 98 958371871
103 124 645377840
17 46 952601510
73 88 894305532
39 43 689629297
50 55 729582515
52 59 990995177
17 114 443266201
43 91 233835983
65 134 991292742
51 76 649440059
2 88 248686097
49 84 728219319
59 63 221523570
62 68 380056038
76 118 673840323
8 127 530594839
97 115 677672779
6 17 759609258
47 150 475117050
29 81 166883464
53 78 149963727
18 60 652891600
96 136 744108483
58 145 913874262
51 123 194808941
69 81 939603261
26 92 520979459
105 123 947431003
6 78 967922523
25 85 425395212
51 147 431261307
77 129 893455241
96 132 588106639
133 141 841300801
69 73 639924029
1 33 515491695
74 75 258868411
95 132 948760383
3 27 602551878
28 125 148264416
38 50 156266737
21 117 414129502
66 102 339373697
64 121 198225339
26 83 562258445
34 93 214940493
85 131 687077967
19 76 622431728
78 100 786997882
64 149 393955851
89 122 446892908
64 109 941115756
10 74 988621387
26 28 547623377
58 90 483352921
90 124 154150653
4 132 826993019
89 146 741529549
35 40 806225433
2 18 395250336
44 127 402969795
20 133 845601734
54 85 829939492
75 120 687600394
65 87 471801867
43 64 133049886
31 44 704537517
40 141 923317211
57 62 646803811
7 22 263948765
23 145 782724536
42 75 626855449
126 137 974535528
46 125 840696124
22 109 465606178
42 99 988249687
11 31 830215606
63 129 663797694
56 86 227200667
54 108 831187296
19 24 234550566
59 96 470145318
55 113 452927837
82 150 268472012
11 105 977384788
48 49 206957060
132 150 639169996
88 113 332572594
4 57 956646423
78 120 598939194
80 126 643793943
67 124 446169319
27 140 606286161
33 113 783309979
21 92 478040948
99 140 446348437
40 77 989866896
87 102 971918522
69 114 414146118
45 102 435789599
130 133 903043068
5 128 755679401
10 63 649231826
55 58 965394711
10 108 410717561
12 66 757597098
143 144 970130646
7 49 481857977
47 126 605134714
27 119 409253837
107 133 355109202
3 88 473065639
3 135 799855637
70 80 447506840
7 54 463806581
18 86 280180852
8 49 449531738
101 142 832963795
29 137 888130285
6 87 402336017
1 6 972924171
24 74 141954488
15 107 316783440
66 142 630733368
31 89 138900856
25 48 861361510
15 91 956973774
7 77 778647994
30 57 147216228
63 107 779452413
6 39 249701653
57 82 137885723
40 49 646511184
33 128 991916038
50 66 768684663
11 18 818151204
82 139 109003690
53 121 762356897
23 137 655316136
97 99 696758068
47 51 261371573
14 23 877896035
107 149 496520372
69 102 199725968
53 56 446060131
89 118 727063054
5 84 236638163
24 30 778152544
45 67 628106956
9 78 270107718
80 87 583964125
25 38 220274488
36 46 895906636
41 67 493443741
67 91 448766472
6 72 977552766
103 131 527317917
102 135 959034643
37 98 300133352
34 65 492504237
9 141 161725379
16 133 619179353
71 77 348916486
33 107 596814711
76 77 975129763
7 127 427586040
71 102 782462208
99 135 880119217
40 129 398637260
50 129 669347650
68 119 410694734
78 110 407274918
63 87 432597460
79 83 463157100
12 81 657973237
17 92 761716127
23 130 825256355
25 67 152460537
23 27 719453114
96 145 466144170
27 116 447501610
107 118 871028114
34 114 676454284
81 125 370434504
80 124 947023635
127 128 478241207
62 69 637787080
95 124 830819643
21 107 522167091
52 64 694147385
119 133 190871713
37 69 716327885
102 128 854685417
91 147 615320233
23 117 645311789
9 81 303336318
3 15 107719858
19 36 344134605
15 128 534179262
6 71 431943330
49 59 409107400
85 137 701621846
129 145 660680421
17 55 270145281
47 71 971590819
23 47 768943283
81 103 933924194
64 74 875598596
15 96 728709447
21 40 569882023
38 140 375874821
14 53 533810933
5 57 922647243
2 38 138543536
35 41 220500053
4 103 387106268
55 132 837465820
41 98 807482770
1 45 172481207
114 117 711081912
6 81 894426307
29 121 538654182
141 144 766161341
72 117 414681969
29 93 265288708
12 59 688331433
47 98 869673898
30 41 244459275
36 58 629678090
54 118 574673226
103 150 931810942
11 37 444695288
75 127 794722380
50 112 505138258
69 106 445026990
9 58 210846950
29 74 730543676
59 122 798489848
4 74 710427451
27 92 621986525
89 111 435439641
54 93 523477866
82 112 315251216
72 103 229795694
41 103 506734376
47 96 191545412
85 108 971557980
1 120 164741975
73 130 698822941
41 74 754261875
62 130 516912876
6 91 287858197
39 80 811052735
22 75 665003183
111 137 898899868
84 139 330058459
48 106 382190377
56 126 501357798
104 146 333880491
1 44 153186167
109 138 625749895
66 96 196756599
122 125 635477628
10 127 347122157
72 130 868947164
22 84 378846777
95 97 989368289
71 139 465958338
9 132 352536076
87 148 907232976
105 116 306181033
121 122 870971886
29 59 307771509
23 95 165854406
25 103 943673971
142 147 742548339
63 125 160651476
50 52 340280530
48 56 837489583
33 43 775241286
70 71 880959923
2 35 735479338
63 84 280026046
129 148 714253290
14 106 731486730
30 37 294431426
27 115 444458108
17 25 302579717
35 104 549405590
32 75 266257307
45 137 750897933
1 102 464390301
27 90 750406060
103 139 212105857
78 121 969823909
12 20 207891662
76 97 823325139
120 141 894465604
50 103 952030945
49 136 213931394
62 116 795985110
31 34 478121114
22 138 984634329
24 52 302984264
46 132 332517111
106 107 919466927
13 125 709839993
2 41 463468978
18 95 285846408
43 123 345144624
61 132 510159742
25 94 576489239
128 135 880523721
115 140 998950051
104 116 299622841
85 106 910295021
72 128 281429516
47 80 237618665
74 143 555601822
128 129 288357635
147 150 330869932
16 31 655731628
81 98 193676346
22 51 901453343
10 18 452534675
11 35 335176485
65 95 771931488
42 45 294458984
28 44 325120669
114 127 378606736
76 141 969630217
104 137 856594934
8 80 913326618
76 135 663130705
65 144 806358515
32 96 893504059
97 109 103560522
40 148 886567683
47 99 840986389
59 89 693803534
15 51 333941247
40 83 928674075
76 133 759637316
43 55 959080897
86 126 167476354
15 123 242507168
112 116 678248552
22 29 637596558
28 142 620737472
105 146 766804310
62 95 952693509
55 56 232142203
40 95 869684188
62 100 212517026
22 112 500737561
3 10 404054495
30 48 125209846
13 42 142408517
48 71 539950157
64 125 858816896
29 94 410092044
21 88 278502069
13 68 920126241
29 41 273852076
48 141 333817742
60 133 569190027
40 85 342224391
1 70 687955989
29 88 810471744
94 99 852515631
56 127 105226019
25 116 152830850
22 53 797159132
82 113 922385486
42 135 650296555
113 142 271505898
23 97 131420547
144 150 671168542
27 110 546116110
100 117 912773077
1 31 934353810
65 120 223703025
32 102 568365556
35 141 841153920
14 113 898328757
25 72 487402733
11 125 521820452
82 110 480258328
58 126 967117404
57 145 244276948
51 78 108991515
20 83 445796195
84 92 362685177
61 109 723416300
97 118 876218453
98 112 845197349
102 114 758502792
18 20 825464253
20 88 947586137
39 69 759119703
32 72 339304548
51 140 365416692
26 107 410865248
132 148 601532011
58 95 264307552
62 141 194140826
59 98 601899782
94 123 372305374
120 143 333416441
18 120 578607846
27 75 421348117
83 149 527544169
75 108 907251129
11 103 868550301
29 98 296944379
73 95 870410318
76 98 411137628
18 43 711332008
22 74 397700425
7 14 815830448
26 86 180172861
53 83 753402932
95 147 112284632
98 137 985652422
61 87 530978036
77 109 271146582
39 51 821876672
65 149 463829147
8 51 198900995
10 128 676674468
33 60 243786232
38 136 756860847
76 89 278475097
40 112 305875241
2 66 757067117
73 142 627313283
75 114 179692266
25 26 279617776
117 130 921314907
65 66 455598119
85 97 217331372
48 52 213718159
142 149 878251388
7 56 715980645
28 54 859594910
35 59 620257435
101 115 577412604
48 77 506111774
2 63 705248341
74 150 354674002
33 38 417853500
16 92 305138281
69 115 234206052
2 115 532648280
8 61 540612460
130 140 601090194
27 74 846388508
133 142 402692258
70 121 144367624
33 37 536000148
39 121 793152164
19 64 292101010
46 129 548925860
71 103 360213624
66 104 647421848
28 69 204444132
45 139 351576858
53 92 242336166
29 84 186741325
65 130 743796175
80 81 227049483
111 121 921903350
50 123 550750437
31 78 828256540
73 100 781774288
120 147 631458631
29 104 424777048
63 113 710558353
80 133 819890861
4 127 695468234
7 113 783874522
2 21 887596702
35 101 780404434
74 97 602389665
68 113 531047749
72 101 337409035
101 106 329399627
43 44 982846251
12 22 433294794
125 130 826003004
37 89 281121918
61 119 360194581
7 72 173964910
37 115 611514532
11 75 935584971
42 127 233578874
13 139 673333402
9 24 875769481
139 150 758091003
14 118 360440596
56 59 240566799
24 36 214365779
91 141 861985358
8 34 356066647
6 46 164496956
44 129 390738995
34 138 144113185
99 105 448055401
29 109 621757752
104 144 610259131
86 132 149111034
58 67 824351081
9 105 504798639
2 138 829783508
44 51 773884276
20 108 387759903
81 131 482798899
53 144 118168265
61 108 267763058
4 96 419031147
77 81 943401411
13 82 752407931
17 21 371891797
117 141 121063206
16 117 785028839
17 145 809008197
11 13 626062944
98 126 382430351
24 59 866009243
24 80 453030958
6 40 521485600
20 33 453388990
13 149 711048744
73 106 168137792
66 109 843395472
79 116 616230697
38 54 763681079
98 110 980999922
36 62 520770275
53 99 774868151
113 143 472340944
115 147 207370057
93 141 847700771
39 130 179811969
106 143 183729312
1 93 204661123
88 143 688010050
53 107 678502907
38 94 699006478
15 112 995232397
4 75 300081269
13 110 362804352
145 150 315774778
10 97 377879232
27 68 548569825
13 146 527264425
25 106 609181232
22 55 871716099
26 124 692442208
62 82 658930481
7 74 296784802
4 111 368557162
48 101 393131309
20 35 969326198
33 106 925764169
19 94 183608025
2 89 145244765
36 89 498128226
90 119 417907159
28 103 377492203
12 118 334040011
51 117 690248886
35 46 263020647
56 79 889139916
52 141 667394742
125 127 671978337
120 142 402950243
137 146 905385102
6 9 421602970
45 103 813662912
93 114 994624643
82 87 322414202
121 142 674901874
92 149 843909306
12 73 443595560
119 147 539875189
96 101 341590748
4 81 669910735
24 66 708335343
16 103 158613019
36 90 528528478
57 83 766596621
5 45 413942884
23 99 223365454
50 72 725748221
80 111 688009565
103 104 775076876
31 109 619642735
143 149 759599436
25 119 335484850
1 30 942365190
2 17 129937139
56 135 617907956
32 135 499362917
100 144 139215688
21 121 864956283
35 76 810992163
97 134 763263015
63 109 755319890
17 32 857805800
29 43 946067751
94 125 918679546
17 120 903753101
50 74 622202030
90 128 164071142
14 134 226676068
7 9 943961047
1 74 737344591
18 130 912864291
135 137 675021520
22 23 741911987
88 99 704901648
74 105 463116101
70 114 473245405
4 47 101402745
108 125 710408939
50 106 635949150
103 122 978397463
60 82 194168748
64 76 494105116
47 122 270400084
35 91 400546136
86 101 141641486
110 113 666311010
57 138 100669626
89 138 188972759
53 132 756449560
108 118 406026855
11 76 642569514
35 80 821469911
52 56 928159742
84 143 316138467
6 124 235155900
64 96 521956899
23 50 218525620
25 108 609824017
123 147 451154668
55 109 104024489
110 128 860172782
56 118 663281166
8 23 374335603
71 74 859030426
119 132 696623202
89 97 302173828
26 105 235807257
79 90 340546435
116 122 215472169
72 143 128368106
4 20 812734386
90 120 190269249
58 72 379639644
57 103 358400097
35 120 995873428
46 141 363859559
29 75 688894235
26 62 825257446
38 98 474741440
5 120 882500492
20 47 862506848
66 121 557774644
41 150 540915094
96 98 993470300
46 146 510007286
42 74 970339666
142 148 187826610
31 54 681611252
79 89 466170603
58 101 840280632
13 143 457210513
60 144 766475085
56 85 334920449
48 126 663326888
86 143 337018227
2 144 195574830
57 98 524678749
57 111 622228259
31 146 899520319
96 105 298244323
146 147 602543435
140 150 269820895
52 94 626779658
12 114 340235625
84 91 893787356
64 123 832876707
15 29 783487111
22 137 707707469
48 146 271690896
18 78 651376192
65 138 856785985
38 129 518043901
4 125 114350058
94 148 217143309
34 130 468731063
23 90 447501034
102 107 417042507
126 133 238377533
34 46 608497105
32 140 460389902
5 21 538030396
95 123 243572547
80 85 549513239
33 139 836069949
35 113 999469904
2 132 587620470
58 138 203661638
111 124 176004503
15 40 552055279
35 115 237410199
24 149 160366972
61 120 294108700
57 122 809470758
21 34 700903963
24 44 505141009
14 104 978620980
111 142 514749496
21 123 422101458
91 149 637831221
22 58 866429293
8 60 483537660
126 136 358823101
47 112 548191079
26 114 575747039
22 52 920141534
78 137 758451545
95 116 861443487
43 132 129143020
131 135 658100462
20 21 519441788
61 137 414042326
51 85 286442467
23 102 636951936
37 105 538705770
34 77 527443603
68 127 320163276
69 120 877387219
106 122 713801863
60 139 271544896
2 146 829396096
19 38 946206671
15 70 992173224
18 108 160139018
43 147 715894441
23 115 736091416
67 140 540152311
64 79 616041751
4 38 137461101
111 150 450247773
38 119 292465524
10 102 863918875
45 97 794069895
74 90 740178129
53 89 496242659
123 127 157547152
10 132 799970907
59 141 139229534
95 139 864608279
102 138 724877429
44 79 570698349
23 35 768638507
11 38 538216155
66 114 945565744
42 92 498961686
91 138 189190977
13 136 953590709
82 134 378595930
21 67 199261148
16 140 452221298
59 149 187491930
36 57 728363670
1 26 442894479
49 66 654707998
9 18 709124940
31 82 281398154
107 139 527668084
35 121 316674073
39 101 481754520
130 137 855301490
87 150 496972564
24 120 936633193
66 77 143330499
15 92 268338867
19 32 801917875
21 58 110703961
28 36 726658042
38 83 812306708
4 48 421293745
79 114 622438658
131 140 185118440
3 45 364968085
86 88 104937106
6 77 923494314
37 51 940053642
55 84 555610909
29 125 959699329
12 26 603021745
73 81 703978520
9 82 741204047
78 93 366430931
63 106 164898292
103 112 916584259
12 109 631185086
103 115 238355589
65 100 183496393
10 139 438158561
17 122 332722203
12 51 656380733
29 64 133612402
21 72 714103593
6 14 356686199
53 59 546520648
80 92 832837752
88 109 133826991
13 39 921798138
12 69 416395982
84 137 755960427
1 25 823217183
79 106 407119979
70 77 791598634
37 137 747848719
29 102 377987953
51 91 620186457
24 28 477538987
50 134 465122382
46 49 454872360
77 93 792467669
72 73 540606785
91 133 594733034
35 103 284602247
65 68 789761987
57 85 719116691
40 92 900886060
74 124 358353740
4 100 880291774
141 145 341316821
13 27 161660524
27 59 771862642
79 98 799928417
51 70 191913862
32 150 634636465
37 57 149009950
46 143 481520224
96 141 991886050
51 87 492434554
12 50 381828153
65 123 155509120
6 45 833788287
40 74 710607390
7 26 116936335
69 101 592765641
33 122 301539956
65 121 394788235
30 145 822637711
23 149 939593732
19 98 757734301
6 60 763139327
85 95 977250453
35 105 237395442
107 124 838069964
33 99 221206744
8 74 790127968
15 58 191335069
22 103 541628039
54 125 124989091
50 141 374315114
16 126 750848704
64 104 606228538
115 149 155821935
94 95 110770982
56 142 241832614
75 130 131406111
56 144 732081167
104 136 943399747
68 142 108603504
59 75 778428103
58 148 703372936
30 124 867808599
94 106 261095725
2 84 532424720
73 144 565488559
32 130 804202982
7 29 640392810
21 131 152521299
114 122 833048227
21 145 128339336
22 115 428600729
17 132 315004019
12 106 728071297
69 123 424084650
14 62 802190879
22 91 971576913
14 93 636040241
57 89 690042766
11 136 138057683
56 128 715491269
61 95 594775441
41 86 995848555
119 131 555146210
71 144 678248728
92 138 704307036
52 98 809941962
1 32 115738247
15 33 704317941
76 90 130749152
47 92 997889205
1 83 386808579
137 144 976365210
96 112 208272857
77 130 813360101
12 41 766780849
63 78 397138018
113 133 121331124
54 143 865724944
26 67 749017458
20 97 215230197
101 102 589899131
25 60 666306217
61 105 379822277
48 67 784358145
11 94 954203650
40 48 317868833
135 138 797779690
37 44 282678794
88 139 882941606
67 75 274075457
47 67 758617381
93 94 157146350
11 85 352192189
55 81 697923740
63 136 363261677
17 44 101955581
27 49 685996932
101 125 123260849
61 62 737969082
14 66 546394661
14 131 455836953
61 90 854906021
90 101 622321734
26 78 329769801
15 127 269168544
64 70 458572756
146 150 249760553
94 118 532135567
19 128 570954687
6 63 385898146
44 137 930714742
143 146 696188118
23 96 643041360
59 84 714779388
53 88 261641717
31 99 503072863
87 92 822223427
38 75 271845953
97 125 305591594
58 73 850475763
22 71 476192685
87 105 310585765
71 135 766070331
48 132 635011723
40 125 453493497
22 147 326466150
6 55 406563832
1 114 636658550
6 61 516662682
10 16 634546667
118 142 628624317
53 125 675144444
93 127 489814777
59 147 850964962
9 23 516750237
81 102 615551301
13 33 434481775
33 101 695671735
62 142 886788689
2 26 441713534
19 110 340050126
33 85 106663562
4 90 372292580
49 55 212531898
46 110 942975837
8 148 673262240
21 41 541667180
1 55 428835317
81 132 246707561
12 112 715044898
100 102 192732449
55 146 427189875
2 24 497958951
28 90 680457489
9 54 622322239
18 117 459810580
89 147 763189489
2 76 126630328
61 71 961510781
27 53 731045450
15 130 476916346
16 49 763062850
46 74 833701879
62 91 848001938
7 125 999175750
46 127 442103327
65 89 108779024
70 88 338566293
16 24 247861937
10 17 777361765
35 134 636115671
4 117 156095110
15 115 840934039
33 83 306448394
12 102 802001758
32 66 764354108
51 93 557846210
49 105 397224477
28 112 829017050
46 95 611092630
57 99 877879941
63 128 317973214
53 67 264796366
87 114 469786303
127 138 528790616
21 140 631581606
22 101 238592575
68 126 644437224
76 78 994012017
26 58 198748648
59 117 462904041
75 129 963241189
47 78 560872113
6 47 674459310
81 85 698191042
70 144 553280040
72 76 492720686
52 91 291223587
32 42 314227144
5 18 834237907
124 149 174582039
20 29 202032935
28 85 820942499
63 118 118266331
23 42 874663536
33 147 712709734
54 87 993806690
104 115 809882365
92 141 960461563
35 126 626322962
1 52 798436459
87 139 373533951
98 113 231674573
49 138 845696198
73 120 489138540
72 100 491131303
74 132 244026138
71 115 492297587
95 102 265734298
48 78 873099636
106 135 600214238
24 67 466063239
17 29 335970685
54 84 747471356
8 43 753063508
78 91 750874655
20 135 244286450
99 138 740981211
21 32 876382849
32 44 341110014
35 69 206973393
103 129 472830037
30 52 672591221
16 54 466874019
22 125 916299041
38 124 606509065
31 139 233525058
93 100 204493252
13 124 234117055
3 75 997809766
94 150 490369177
42 46 744758424
36 139 812511356
70 102 877764809
26 99 323997532
31 80 175891664
39 146 961854230
113 114 904069600
102 116 972323359
15 38 618952721
112 140 728942156
94 96 788332759
74 121 139676437
103 116 433452426
81 129 306465957
45 144 601611197
18 44 848433430
61 113 248061364
37 147 554558648
59 145 731463464
56 80 575100486
58 63 517449223
42 90 110702659
67 93 293295589
83 147 222438616
109 120 977143331
43 101 375772818
70 124 543716743
12 138 959268029
82 127 889517965
30 148 641157792
74 81 464017957
47 127 536618386
90 99 943260839
112 137 344665035
41 80 526685104
4 106 529631532
110 147 968518571
44 85 648725086
99 142 191170552
20 125 384577293
49 64 328485265
79 124 935834668
113 122 983783696
19 25 794382981
34 144 432461012
31 104 896810316
52 145 380163780
53 104 494721311
63 130 304112514
64 68 816318239
24 118 703594911
56 91 484954805
2 73 992981472
98 104 625039044
7 81 131644763
50 100 570416142
13 102 522532663
85 111 739215159
61 124 159334346
5 104 805203264
90 121 348906184
70 83 293552035
90 148 814376189
44 96 959872903
9 136 277627570
21 97 681598933
89 103 216563453
109 137 467900636
25 34 416587478
29 86 742963372
33 133 955526050
52 82 922682958
85 141 615962337
120 139 678183408
68 104 717273152
17 28 641985513
37 82 312979873
134 144 103801338
61 127 821659807
25 96 382742359
18 35 481269909
7 90 996983580
40 140 923847880
57 125 658578651
62 120 110966136
22 33 712843725
20 40 515151554
50 71 818265273
19 120 486138483
5 134 499530984
16 141 188058727
63 102 563866020
78 117 755531197
12 18 834583110
83 134 626147935
100 134 995366187
44 109 648147693
65 96 979332941
37 131 350182955
80 96 210519705
34 150 976448798
27 117 744535325
81 91 919959177
45 72 808006823
74 140 519101785
15 121 852406030
37 70 729994336
7 131 165356366
67 98 855500060
82 99 686059606
14 85 204589974
32 103 934906793
18 112 233834072
11 140 310534554
55 106 977423474
45 117 238992693
71 106 196474298
61 94 990494905
3 17 425607531
69 135 251340206
92 115 331029835
5 130 779894595
32 90 425096389
54 62 373441844
34 122 763928634
92 102 767628342
116 124 710059063
8 25 540323772
140 148 768892573
44 120 864134913
15 86 840888775
79 111 687722453
5 139 912188427
13 31 286696761
34 108 742702522
64 133 123466540
80 122 319345852
67 105 156710627
75 149 531456684
26 125 778445366
38 111 385162620
131 146 972414235
11 60 220506623
15 53 227058415
100 115 604535028
73 147 257470117
91 131 674979673
78 113 224795435
45 138 797239705
79 112 590036653
19 75 981161334
101 140 991783974
51 119 114848277
16 56 757163564
10 100 318524015
16 111 472889498
76 84 725206341
83 130 904313526
22 26 426065598
36 150 523983770
35 49 813542127
60 99 732500806
94 111 248627360
8 103 302896826
4 82 797346440
37 45 835857144
5 112 526022121
45 60 164076596
10 21 270587991
11 148 799515268
37 78 541975220
70 112 463831430
11 129 773900460
99 103 422390146
80 120 829779806
48 133 446305630
100 127 550977345
24 139 947123560
48 114 219510479
5 98 692173402
69 138 293323298
33 120 390226832
45 74 724295777
54 56 336616202
16 95 933430771
22 85 380849548
14 49 753193579
71 90 178193464
18 134 563263106
35 38 492615208
35 136 785923423
76 109 796134688
75 103 998475136
82 145 972751271
100 118 560417146
94 146 121612652
81 142 436619109
6 67 460454992
26 72 543445034
96 129 469499512
137 139 249764338
62 81 661984327
28 132 934876987
66 87 415565846
109 124 846839237
64 116 708232385
69 78 675940466
70 115 554471425
4 146 797043786
89 100 170252768
78 141 490654430
116 135 192551064
118 119 841302539
40 146 234687770
93 103 440214613
11 92 653264028
54 79 509570184
7 88 261025302
42 136 656562607
136 145 967550082
17 140 238733555
28 116 739963536
56 102 989803353
40 54 831817813
56 138 877302053
34 104 183300320
51 65 226019632
60 143 147643355
35 149 298815886
42 150 990989911
74 103 455870882
37 97 494237281
71 93 566068873
14 130 672418345
7 59 995533129
61 100 196291751
8 83 241722340
13 47 981777092
90 143 918629919
96 113 375882585
45 49 954880836
37 72 397342294
135 149 396666323
61 85 579263184
10 130 340740678
98 141 494772381
3 41 644361264
19 84 633772024
58 130 347666540
82 125 882800691
48 122 299997195
37 56 977201410
89 149 629045304
47 118 104317644
56 82 876964623
38 49 790384345
113 128 584736831
96 121 993496429
10 75 737202820
42 149 225814766
76 94 172075610
28 135 642551524
11 116 931171084
7 16 598204533
77 100 699002965
86 114 856931650
24 29 284561924
43 107 144417135
88 145 257074379
42 100 916468645
48 53 688050954
54 128 980452393
136 143 549846061
15 141 169587969
6 18 329698285
42 146 637032844
86 103 976959135
32 115 260126185
22 133 675878870
68 133 235797149
4 25 252275954
2 61 654548328
105 125 885853940
59 60 309526637
89 125 239141620
21 108 342682093
57 97 251531971
57 66 156997402
75 97 254064577
31 147 176036479
14 29 205571779
40 64 164117042
86 140 584487064
40 126 937873878
136 149 719163904
43 78 303488640
46 80 249711464
6 35 500272720
53 141 443019226
20 80 947788148
23 92 223881109
102 115 396687812
57 75 203542430
62 149 395060662
49 85 310490976
6 30 579152389
36 142 677412815
4 17 338956499
112 138 556722480
81 83 840691442
24 106 830128654
45 129 245910684
22 70 375520458
33 62 576003002
44 125 721832322
25 141 158476035
13 63 239462715
42 138 885265532
5 119 388673883
56 125 864005007
50 68 293316207
20 87 752445574
49 61 110719058
114 131 219987382
105 124 756606555
34 111 607823603
59 80 531526788
79 92 633537307
96 104 845007301
14 80 821527491
78 143 735184859
34 41 481062595
72 89 569476465
60 74 800985902
15 41 893266541
46 54 383955849
121 124 654915747
15 110 235595118
8 10 246862782
52 86 669748345
19 55 651224288
68 94 592623247
102 144 672694700
119 129 268398089
51 105 636264596
10 37 779696463
144 148 644379912
69 95 805646976
24 50 409467419
34 53 688045510
39 100 941989635
118 147 837881007
69 116 176314761
29 39 364592962
74 80 973024802
24 79 430120290
15 95 207182843
66 125 365324086
79 101 200639787
8 108 433338865
36 93 725147130
85 127 781863833
72 118 374548026
33 64 243870764
68 103 680846336
2 105 869672004
17 74 890701883
6 15 924083014
102 103 792805282
97 117 833504224
50 73 786581916
6 83 511205867
61 121 877547966
46 98 402810603
11 40 239323243
45 113 528670167
29 134 590737251
18 88 446895872
23 83 892399333
51 122 307843811
3 107 363402523
93 122 771198238
74 136 711447860
78 112 165125518
40 78 391809032
23 58 978627028
4 61 839093128
135 148 634788667
53 140 625873748
57 86 818046689
25 70 205162381
137 141 332843724
20 137 115861769
101 127 725705395
70 78 799638723
36 40 520189102
20 31 736406289
24 127 635669119
138 150 217828749
89 110 600170398
15 108 417666329
30 72 684372886
69 88 185612877
19 105 323100909
4 40 681014343
17 108 766085063
47 87 954119499
44 145 666926032
9 67 844318271
45 57 481658880
30 116 281998627
54 116 211488014
18 46 442284080
32 129 973432925
13 101 341691011
85 96 817505948
44 121 412178927
31 148 853962328
53 101 404887252
13 120 329368475
36 79 716907400
10 41 523841490
28 75 956208672
5 115 607590571
24 55 472988057
70 128 691639788
38 112 153420409
11 77 662561193
35 78 795558692
8 16 553140580
19 150 300947121
134 145 876334530
7 12 568761711
31 145 146082922
75 128 697050068
40 90 826142376
3 72 522734114
41 42 902335468
130 134 624070168
7 109 426469400
56 103 591367222
32 132 815105761
64 137 763743827
93 109 642431658
19 99 279052539
132 145 691394038
130 135 231605931
88 141 724544052
41 64 919579497
30 87 882102485
100 121 648670712
43 60 844926643
1 82 106617394
11 100 525284345
43 135 954949168
3 23 349963171
66 144 709508472
24 128 599303402
44 64 949426820
23 68 557976693
129 142 246262807
89 142 317893985
100 138 240584959
3 13 522295063
46 65 687991832
5 52 437623825
74 126 835451657
40 69 602220295
109 142 558759317
49 88 401480009
133 150 217170603
14 71 302506876
64 106 608928888
56 109 942450866
100 123 976014300
55 94 994613956
86 118 799523434
77 127 462963233
56 107 468745376
69 104 704263496
14 38 620646021
60 78 733129394
121 128 837337958
29 110 815422569
14 107 415158749
43 119 906662183
18 71 543006287
128 140 207925178
58 82 377946975
2 136 913142624
14 39 971012035
53 110 583895483
7 93 554212462
31 57 504834552
3 67 414587406
38 62 143048184
52 80 966576970
8 30 679480501
143 148 206931546
39 137 109025205
74 94 117497500
57 110 877525552
81 143 299986518
136 141 611169899
104 133 199277361
65 84 966125926
100 141 441980628
54 131 506801155
24 33 774113577
132 141 840289983
22 134 720613473
19 59 214587277
11 32 892912615
66 148 112331799
82 146 784278721
12 82 578421368
62 126 209065763
144 149 395334987
11 120 594250696
57 142 939543695
27 141 791733398
75 125 871687357
11 15 765943432
92 95 477825828
57 96 590784397
7 32 984746044
119 130 784295259
43 47 459149055
