500 3000 95
149 262 
225 196 
436 307 
494 452 
339 299 
375 285 
78 401 
58 131 
482 373 
145 332 
478 338 
11 57 
254 63 
82 352 
340 60 
232 62 
449 462 
380 40 
337 20 
378 440 
339 280 
435 23 
323 430 
387 231 
128 407 
13 132 
409 373 
388 378 
406 140 
286 87 
210 106 
363 431 
469 391 
75 167 
203 54 
286 181 
151 100 
34 23 
15 202 
497 370 
206 124 
192 63 
62 278 
89 388 
473 128 
7 373 
238 237 
149 254 
129 443 
323 286 
154 79 
482 78 
476 402 
404 242 
355 160 
271 87 
206 204 
425 420 
0 430 
265 200 
429 175 
151 108 
296 2 
161 63 
492 262 
242 379 
15 167 
84 386 
229 403 
173 73 
376 186 
292 462 
82 281 
314 411 
245 43 
84 319 
240 351 
312 484 
194 412 
281 394 
226 445 
196 208 
27 319 
52 191 
155 343 
165 439 
152 164 
477 243 
125 3 
36 186 
206 153 
81 395 
320 343 
250 213 
27 123 
405 327 
266 136 
69 166 
22 66 
185 28 
184 306 
488 162 
310 23 
20 128 
85 454 
482 29 
208 303 
4 448 
341 54 
202 455 
291 252 
134 178 
141 144 
482 198 
65 7 
462 410 
203 452 
472 407 
61 198 
137 392 
317 322 
125 84 
26 445 
183 319 
406 220 
359 476 
301 50 
448 54 
230 270 
67 88 
413 403 
174 63 
16 442 
262 13 
46 473 
44 67 
301 86 
301 116 
264 160 
406 476 
49 319 
48 492 
112 29 
138 338 
7 499 
337 411 
494 268 
7 353 
309 358 
82 2 
139 392 
84 263 
486 71 
142 402 
159 373 
437 131 
239 300 
218 198 
128 75 
21 105 
340 279 
166 439 
312 9 
424 16 
29 416 
465 380 
190 419 
15 260 
262 252 
304 70 
457 80 
316 379 
410 126 
180 8 
336 102 
26 37 
197 458 
340 54 
372 24 
376 54 
364 425 
449 7 
26 29 
17 380 
485 379 
358 489 
332 227 
19 223 
351 338 
244 63 
288 66 
376 405 
187 419 
480 379 
474 87 
72 414 
221 52 
421 152 
72 390 
318 339 
29 379 
2 231 
320 468 
127 397 
324 121 
25 336 
109 237 
409 433 
472 263 
393 404 
448 152 
237 391 
393 80 
239 177 
258 255 
374 313 
461 325 
67 86 
365 109 
478 156 
358 397 
392 381 
199 377 
271 145 
281 391 
363 451 
200 304 
436 290 
65 63 
170 87 
283 354 
303 51 
369 360 
152 13 
490 18 
107 55 
364 461 
390 373 
182 401 
256 306 
163 53 
306 379 
470 214 
58 13 
177 102 
211 382 
1 393 
3 106 
147 204 
24 343 
189 13 
48 415 
461 492 
359 296 
213 278 
53 440 
174 29 
388 148 
4 299 
19 382 
335 284 
26 490 
259 250 
216 62 
46 343 
383 139 
320 454 
187 282 
261 16 
3 9 
147 63 
411 341 
262 22 
121 13 
3 110 
19 11 
165 386 
334 443 
298 281 
309 302 
137 237 
89 73 
174 408 
397 153 
320 423 
406 97 
433 212 
298 271 
129 368 
48 54 
196 19 
34 300 
151 37 
124 352 
298 28 
185 334 
481 217 
341 45 
432 404 
229 409 
347 68 
200 466 
149 126 
371 194 
146 452 
229 349 
363 54 
389 140 
52 401 
341 109 
337 242 
200 22 
107 319 
306 136 
228 66 
269 57 
244 47 
286 221 
322 278 
358 310 
160 134 
336 63 
122 451 
298 46 
261 268 
437 379 
193 343 
308 28 
282 230 
235 117 
221 66 
327 366 
371 40 
183 24 
261 326 
181 75 
454 439 
454 60 
77 392 
253 498 
82 298 
494 28 
51 423 
27 122 
143 379 
46 157 
343 247 
483 16 
185 373 
85 289 
254 163 
454 401 
180 485 
338 474 
287 353 
164 123 
160 23 
160 475 
251 433 
3 156 
66 28 
55 411 
77 431 
449 393 
446 168 
150 242 
404 230 
436 309 
26 22 
371 374 
361 306 
84 345 
342 388 
262 316 
101 317 
223 415 
319 102 
282 72 
477 176 
436 415 
181 310 
301 153 
478 157 
428 69 
386 57 
353 109 
435 176 
15 288 
176 165 
435 258 
424 27 
353 8 
148 368 
114 327 
425 286 
241 386 
159 126 
337 170 
244 14 
21 212 
378 66 
302 332 
483 39 
432 154 
82 108 
54 329 
160 352 
352 442 
357 12 
34 317 
488 83 
143 177 
157 85 
174 442 
478 456 
197 204 
369 236 
347 363 
225 415 
356 109 
238 269 
187 231 
195 348 
308 395 
280 242 
286 57 
323 390 
226 18 
429 131 
137 105 
490 401 
409 32 
84 336 
447 139 
495 57 
318 121 
403 231 
147 226 
24 273 
240 341 
391 28 
258 76 
0 256 
258 242 
265 327 
196 211 
314 379 
319 106 
259 73 
170 465 
470 452 
457 403 
424 243 
441 354 
359 138 
109 268 
166 294 
451 299 
281 157 
320 17 
60 263 
188 231 
363 427 
92 379 
64 268 
324 392 
28 295 
301 392 
364 210 
351 407 
313 131 
148 332 
121 379 
425 277 
184 11 
408 448 
408 82 
116 9 
87 28 
393 176 
223 478 
215 132 
273 226 
331 150 
118 63 
261 122 
388 29 
78 124 
435 219 
459 386 
101 50 
406 172 
303 241 
491 121 
184 435 
15 258 
260 367 
495 255 
149 63 
184 51 
35 249 
482 175 
482 159 
291 28 
257 28 
41 77 
337 246 
347 391 
221 391 
261 230 
185 372 
359 298 
209 306 
391 329 
446 134 
4 493 
406 276 
106 387 
7 63 
306 395 
174 88 
383 208 
216 405 
243 414 
397 294 
323 411 
164 214 
446 467 
101 9 
20 63 
448 493 
389 271 
33 163 
203 312 
323 419 
318 343 
19 339 
308 106 
493 472 
282 375 
138 112 
10 172 
396 370 
22 348 
240 81 
321 106 
245 255 
185 381 
421 251 
495 198 
460 239 
156 351 
138 412 
359 380 
143 470 
39 319 
307 379 
357 315 
350 382 
64 44 
218 27 
373 57 
480 434 
9 87 
219 131 
209 242 
197 362 
326 475 
413 433 
219 121 
260 491 
10 445 
52 245 
228 486 
460 77 
300 417 
451 351 
54 439 
135 340 
469 116 
99 341 
418 306 
209 254 
177 89 
41 54 
317 177 
447 115 
359 481 
342 89 
397 368 
317 306 
261 210 
484 62 
499 167 
112 465 
225 387 
219 331 
124 434 
413 335 
208 236 
164 189 
265 15 
183 496 
355 162 
122 410 
167 343 
459 131 
396 56 
186 497 
452 201 
396 499 
296 268 
170 31 
322 244 
146 90 
156 278 
3 248 
230 465 
182 365 
207 64 
425 481 
495 150 
76 379 
385 13 
88 93 
392 306 
140 77 
121 63 
199 235 
239 35 
262 367 
164 57 
21 381 
310 212 
135 31 
301 221 
94 13 
60 57 
320 129 
292 139 
0 130 
337 289 
485 306 
447 39 
72 334 
206 400 
431 59 
189 17 
89 90 
428 60 
48 189 
262 90 
106 379 
299 496 
208 131 
65 403 
67 305 
89 306 
365 166 
458 236 
200 413 
202 333 
453 291 
131 398 
284 422 
63 368 
466 226 
233 142 
492 268 
243 341 
244 319 
244 237 
432 151 
156 153 
43 306 
208 28 
225 150 
175 92 
373 37 
422 481 
138 453 
462 144 
374 257 
380 162 
25 450 
146 150 
261 68 
205 133 
6 83 
296 306 
185 45 
254 472 
157 66 
90 250 
470 279 
420 276 
82 46 
441 327 
234 64 
129 146 
378 392 
181 451 
297 362 
406 314 
88 154 
58 114 
303 431 
300 490 
491 319 
401 39 
430 41 
143 234 
421 319 
230 330 
210 188 
26 217 
135 279 
101 403 
331 257 
184 25 
425 365 
184 221 
364 462 
428 299 
116 13 
467 420 
409 345 
384 83 
360 322 
411 159 
319 306 
275 102 
256 168 
255 416 
127 306 
310 229 
385 379 
459 343 
140 372 
206 344 
402 23 
358 50 
148 343 
50 13 
490 147 
124 348 
419 29 
125 269 
165 497 
471 316 
299 285 
82 291 
371 339 
485 263 
314 485 
225 63 
125 344 
15 44 
65 149 
468 387 
252 9 
425 183 
240 474 
434 271 
479 154 
34 379 
338 413 
149 292 
479 459 
361 168 
232 10 
446 139 
327 289 
210 475 
373 131 
262 16 
192 343 
315 278 
308 69 
430 288 
154 280 
408 241 
363 215 
186 167 
322 172 
342 116 
440 32 
421 332 
207 37 
202 43 
255 379 
411 496 
15 333 
441 194 
342 159 
283 440 
267 171 
339 151 
143 73 
350 118 
223 161 
168 274 
300 396 
188 45 
22 356 
489 285 
346 209 
203 174 
363 193 
3 414 
85 439 
117 63 
196 277 
485 244 
157 306 
126 348 
403 118 
38 378 
472 40 
20 343 
86 106 
244 28 
20 92 
491 348 
481 297 
266 254 
413 481 
422 230 
317 39 
225 4 
191 186 
182 284 
428 357 
240 459 
116 91 
225 131 
166 54 
238 424 
355 483 
14 220 
187 74 
202 200 
238 499 
300 100 
154 390 
326 124 
367 63 
58 350 
344 306 
491 461 
440 366 
137 426 
245 39 
137 462 
216 54 
469 193 
344 32 
125 365 
177 236 
499 28 
425 401 
359 5 
65 297 
381 104 
432 285 
467 483 
240 379 
453 228 
34 228 
117 372 
207 346 
328 181 
463 13 
355 490 
0 174 
95 119 
324 413 
316 403 
91 57 
187 95 
14 327 
304 343 
283 33 
113 374 
63 380 
109 379 
88 299 
424 478 
353 75 
97 295 
319 246 
367 108 
110 252 
99 186 
322 28 
354 313 
132 398 
233 186 
77 353 
305 434 
33 166 
324 284 
230 397 
437 397 
190 23 
90 194 
14 211 
266 403 
484 106 
448 306 
91 63 
414 380 
482 401 
423 195 
317 369 
330 392 
437 28 
478 144 
496 121 
354 121 
51 381 
48 243 
256 479 
315 391 
201 11 
99 68 
149 186 
7 385 
207 150 
434 131 
478 28 
448 109 
0 402 
181 455 
373 9 
49 327 
483 29 
408 280 
403 249 
261 312 
256 364 
454 379 
102 306 
20 362 
24 310 
5 455 
197 219 
230 121 
482 355 
50 94 
120 415 
17 263 
415 197 
413 434 
391 13 
471 84 
364 411 
460 139 
184 353 
209 105 
419 198 
258 264 
221 156 
190 391 
489 40 
180 170 
229 131 
318 230 
169 47 
304 20 
411 57 
49 495 
466 326 
38 481 
428 379 
432 332 
265 278 
6 229 
468 140 
206 158 
483 72 
435 63 
395 247 
11 400 
34 219 
95 194 
149 49 
392 141 
212 325 
446 189 
43 13 
322 370 
343 379 
324 126 
362 148 
322 9 
378 173 
490 255 
317 480 
492 7 
197 226 
193 366 
221 30 
234 247 
86 403 
430 254 
300 474 
411 431 
462 53 
365 391 
188 497 
494 195 
175 57 
479 94 
281 341 
375 490 
206 272 
364 28 
260 5 
67 343 
420 251 
408 117 
362 54 
428 457 
276 395 
218 5 
411 21 
271 439 
197 236 
95 299 
72 367 
36 9 
253 47 
2 386 
11 349 
151 404 
386 63 
488 450 
320 365 
160 152 
310 431 
461 114 
241 171 
310 410 
404 290 
52 462 
232 118 
92 26 
312 182 
74 160 
311 497 
271 16 
355 348 
407 350 
466 332 
447 29 
353 106 
157 259 
300 91 
457 465 
3 385 
126 21 
13 81 
62 56 
317 108 
64 155 
397 375 
297 73 
391 171 
243 254 
342 203 
206 213 
107 206 
156 150 
5 73 
471 445 
46 155 
298 418 
52 498 
95 352 
287 321 
432 406 
301 469 
457 226 
198 275 
393 91 
286 134 
459 168 
366 395 
495 44 
389 178 
167 108 
338 28 
199 99 
89 29 
152 352 
411 237 
169 254 
284 88 
448 255 
433 173 
14 1 
448 73 
358 148 
411 280 
135 460 
401 380 
381 433 
22 456 
355 361 
224 381 
317 305 
182 215 
10 228 
287 15 
55 347 
363 379 
19 54 
408 216 
393 37 
288 488 
369 231 
66 285 
221 63 
203 107 
343 18 
175 115 
310 116 
374 306 
144 348 
99 472 
101 447 
38 322 
169 190 
276 330 
44 448 
218 499 
69 350 
367 103 
323 229 
451 443 
136 56 
95 23 
209 115 
481 236 
117 392 
455 153 
206 64 
124 236 
189 402 
123 115 
51 472 
265 85 
374 53 
204 106 
341 155 
355 480 
361 120 
67 403 
10 458 
421 37 
130 341 
310 95 
99 145 
302 319 
498 13 
38 61 
181 496 
83 66 
20 125 
243 33 
43 168 
370 119 
226 171 
338 462 
364 318 
469 178 
10 63 
484 348 
68 198 
224 56 
241 115 
209 358 
139 475 
324 291 
187 194 
189 242 
289 307 
10 158 
304 57 
412 80 
441 379 
337 323 
309 441 
203 172 
19 401 
185 14 
443 345 
449 78 
335 87 
459 440 
256 258 
99 259 
215 281 
408 168 
87 387 
12 484 
441 445 
188 409 
282 228 
99 208 
219 13 
415 122 
287 222 
25 280 
272 286 
474 95 
233 127 
416 131 
163 105 
215 429 
127 109 
292 52 
34 280 
369 476 
490 271 
233 327 
147 88 
374 126 
346 323 
367 36 
305 191 
240 4 
459 64 
43 271 
135 434 
139 28 
68 270 
236 32 
117 179 
261 451 
480 307 
377 212 
323 33 
47 251 
193 466 
168 242 
184 390 
4 108 
44 95 
314 40 
15 90 
36 66 
316 352 
49 170 
485 473 
164 434 
99 446 
176 189 
271 5 
346 88 
470 287 
489 63 
14 231 
50 411 
0 70 
78 379 
126 81 
157 248 
39 28 
157 23 
456 47 
220 214 
94 220 
499 334 
269 42 
114 42 
451 306 
194 28 
169 227 
360 223 
97 57 
338 395 
45 115 
481 165 
421 88 
495 97 
476 231 
386 54 
468 452 
107 14 
222 217 
420 206 
302 440 
59 319 
475 443 
151 109 
261 202 
65 245 
70 28 
118 379 
336 178 
121 247 
319 247 
491 190 
385 284 
226 434 
314 207 
372 106 
11 307 
422 229 
287 425 
63 13 
469 240 
421 63 
196 409 
310 480 
261 362 
428 127 
322 269 
405 316 
349 242 
196 43 
172 440 
397 439 
26 30 
107 343 
407 54 
6 202 
353 10 
318 233 
16 148 
428 106 
137 236 
185 67 
469 57 
209 99 
359 215 
235 8 
425 206 
258 214 
69 283 
189 93 
326 340 
196 360 
305 194 
103 150 
339 465 
269 459 
447 9 
235 153 
430 499 
245 172 
90 343 
218 123 
38 249 
220 263 
117 47 
317 410 
324 150 
434 63 
152 382 
51 21 
305 139 
432 278 
115 334 
117 472 
466 109 
60 333 
7 103 
58 389 
404 9 
234 320 
205 379 
25 86 
127 216 
27 124 
163 478 
47 76 
404 489 
55 67 
17 299 
295 132 
184 95 
305 118 
348 399 
428 41 
484 60 
339 77 
278 192 
48 397 
113 343 
468 420 
362 457 
50 80 
107 499 
34 242 
282 332 
181 449 
188 189 
78 480 
51 259 
382 481 
37 444 
113 76 
147 54 
219 400 
135 195 
452 284 
298 188 
118 391 
448 496 
441 109 
482 213 
52 296 
169 416 
449 279 
318 285 
17 402 
225 3 
424 216 
209 483 
52 465 
66 325 
228 130 
354 76 
476 293 
265 99 
401 267 
304 13 
323 24 
90 319 
235 57 
49 499 
65 200 
138 218 
114 12 
457 109 
322 215 
393 341 
48 306 
322 365 
166 327 
302 33 
199 27 
430 261 
256 55 
204 419 
46 40 
372 150 
288 13 
490 280 
190 295 
463 403 
461 439 
424 343 
361 258 
151 6 
233 81 
254 324 
127 28 
182 73 
429 62 
424 466 
169 368 
454 100 
187 188 
209 265 
135 379 
457 214 
65 17 
57 444 
166 483 
269 31 
405 336 
360 420 
498 344 
261 229 
220 219 
191 130 
482 381 
149 317 
38 383 
85 40 
490 168 
327 242 
478 388 
250 476 
140 418 
309 471 
4 488 
203 283 
320 242 
494 382 
414 486 
352 231 
18 194 
31 376 
369 413 
202 100 
203 4 
476 110 
457 352 
422 439 
314 298 
218 351 
142 129 
292 493 
240 183 
476 379 
152 130 
453 66 
232 224 
186 89 
238 415 
302 249 
7 39 
288 41 
288 122 
133 358 
473 367 
436 26 
353 403 
185 388 
22 259 
363 373 
285 35 
90 409 
197 367 
5 390 
499 66 
15 373 
64 329 
350 53 
479 35 
241 88 
284 214 
484 158 
482 106 
28 380 
363 10 
452 434 
439 28 
135 81 
3 417 
22 13 
367 392 
70 97 
477 437 
279 285 
473 81 
135 25 
195 116 
192 68 
278 32 
451 47 
38 462 
279 341 
127 210 
446 216 
347 404 
84 316 
33 303 
205 251 
474 165 
201 28 
367 419 
388 204 
428 68 
318 46 
318 340 
430 352 
253 348 
363 181 
234 298 
182 170 
258 362 
418 378 
228 294 
243 109 
92 76 
188 86 
182 471 
290 412 
333 354 
254 91 
113 357 
297 54 
134 106 
428 394 
79 431 
67 165 
375 300 
127 154 
360 205 
2 157 
238 62 
260 76 
337 366 
468 193 
60 204 
124 401 
137 106 
293 462 
401 384 
404 372 
265 445 
31 39 
174 370 
292 137 
86 474 
281 131 
41 189 
382 290 
390 378 
279 336 
363 63 
150 334 
388 242 
2 306 
206 67 
286 454 
89 379 
231 379 
350 476 
183 28 
460 2 
3 76 
363 57 
93 73 
172 431 
254 225 
107 453 
170 64 
125 440 
77 396 
142 315 
239 399 
310 27 
287 100 
447 413 
93 131 
326 409 
84 495 
433 306 
95 276 
64 220 
4 244 
397 306 
57 402 
245 376 
274 293 
378 306 
294 366 
271 63 
100 67 
303 9 
165 162 
415 42 
410 108 
460 445 
284 402 
429 414 
128 226 
231 395 
418 411 
217 403 
221 295 
317 391 
434 13 
215 108 
359 382 
447 66 
292 488 
492 97 
92 208 
0 455 
206 499 
175 7 
45 378 
228 248 
210 269 
75 29 
82 229 
483 459 
169 367 
287 283 
122 486 
307 115 
175 126 
169 211 
172 319 
202 433 
74 472 
369 342 
352 57 
314 46 
67 386 
209 168 
37 400 
62 336 
304 471 
207 472 
433 63 
328 101 
68 455 
51 300 
413 97 
199 484 
174 218 
207 347 
322 47 
266 250 
342 215 
179 325 
38 189 
163 341 
194 414 
408 429 
102 439 
9 28 
281 248 
56 104 
301 253 
65 134 
107 242 
52 175 
20 475 
36 370 
405 117 
477 379 
337 434 
64 335 
253 106 
473 271 
371 168 
234 254 
467 492 
12 270 
14 232 
435 412 
242 81 
474 414 
195 350 
320 21 
51 188 
105 115 
441 255 
55 370 
0 14 
74 457 
302 253 
200 420 
398 366 
256 343 
277 46 
477 457 
58 277 
318 330 
223 282 
78 165 
253 313 
411 416 
183 51 
43 324 
278 379 
218 93 
125 98 
393 173 
43 144 
274 139 
418 66 
129 3 
129 98 
287 374 
308 72 
360 481 
371 46 
369 97 
62 164 
84 282 
309 271 
5 388 
491 228 
243 163 
72 63 
68 28 
482 247 
192 148 
319 57 
182 213 
374 321 
84 419 
358 67 
376 211 
140 94 
85 251 
400 366 
342 46 
421 66 
424 112 
107 155 
209 27 
434 252 
484 457 
68 106 
154 94 
0 138 
204 57 
82 29 
390 433 
6 106 
303 465 
93 161 
371 274 
137 73 
211 278 
429 81 
11 409 
489 352 
17 42 
7 53 
51 157 
411 250 
302 165 
23 311 
316 7 
232 147 
11 333 
174 463 
205 210 
450 8 
16 487 
492 497 
206 483 
331 116 
134 176 
170 277 
468 443 
409 179 
280 441 
136 109 
244 481 
365 250 
76 16 
85 229 
48 64 
323 13 
429 39 
385 488 
376 114 
310 353 
174 176 
20 152 
142 49 
67 81 
62 72 
292 440 
231 439 
5 39 
177 294 
117 335 
337 17 
234 250 
482 102 
5 53 
44 276 
197 462 
200 484 
362 53 
453 180 
302 374 
491 13 
392 106 
241 35 
101 300 
347 25 
160 303 
424 482 
86 242 
287 333 
346 267 
463 77 
483 496 
117 242 
165 28 
449 131 
459 76 
360 235 
484 331 
39 87 
21 42 
10 255 
382 134 
461 471 
207 324 
283 174 
44 274 
174 307 
310 499 
266 224 
403 106 
143 107 
193 139 
330 89 
444 450 
43 177 
290 145 
156 60 
393 386 
218 374 
152 307 
163 299 
413 350 
113 306 
283 326 
266 296 
299 246 
254 474 
307 356 
342 202 
99 452 
359 258 
216 172 
23 395 
124 493 
253 166 
139 32 
191 490 
479 258 
298 215 
347 153 
205 306 
191 463 
466 67 
494 20 
329 96 
74 399 
291 144 
440 66 
107 407 
314 6 
146 66 
365 487 
142 415 
129 16 
336 278 
126 255 
245 443 
4 354 
146 434 
437 269 
166 76 
185 441 
175 348 
1 67 
20 7 
1 152 
437 25 
255 173 
85 186 
491 124 
200 38 
292 229 
490 66 
94 191 
193 31 
468 141 
160 126 
66 343 
215 28 
55 28 
45 21 
322 131 
139 165 
191 153 
459 23 
341 401 
388 306 
420 21 
189 379 
77 354 
432 341 
282 97 
320 191 
209 385 
183 328 
326 373 
498 126 
324 319 
282 63 
313 109 
437 237 
322 439 
467 47 
471 194 
128 96 
33 310 
397 172 
88 412 
116 229 
157 131 
219 279 
408 281 
384 87 
163 160 
147 121 
73 289 
363 359 
477 11 
358 46 
283 374 
20 278 
193 32 
391 379 
253 335 
193 33 
421 142 
344 49 
151 131 
159 401 
452 12 
148 131 
411 60 
312 276 
318 63 
107 214 
53 81 
166 134 
306 13 
469 229 
242 377 
232 497 
350 106 
123 131 
74 18 
6 415 
346 47 
137 57 
28 497 
320 104 
219 306 
287 230 
19 53 
419 213 
75 179 
480 455 
323 118 
467 87 
323 242 
421 379 
25 373 
65 289 
123 271 
318 217 
245 410 
71 416 
113 174 
169 98 
58 377 
243 210 
298 315 
223 245 
84 403 
316 231 
475 214 
454 23 
230 68 
174 348 
298 131 
309 89 
350 18 
234 70 
243 65 
436 428 
62 480 
383 343 
41 201 
299 162 
466 324 
406 13 
29 390 
240 181 
48 26 
294 248 
495 73 
439 42 
266 421 
415 413 
357 4 
196 343 
281 313 
157 9 
258 443 
447 448 
452 367 
417 98 
338 352 
468 407 
324 250 
338 472 
399 201 
278 242 
190 28 
286 385 
466 262 
474 263 
435 43 
498 150 
236 391 
312 57 
159 296 
211 396 
333 229 
436 46 
446 42 
7 434 
344 73 
109 13 
427 470 
58 343 
150 59 
242 290 
496 279 
442 222 
34 48 
197 306 
466 350 
214 259 
127 9 
150 105 
246 158 
310 279 
21 168 
485 60 
323 343 
389 46 
310 66 
157 475 
259 368 
437 238 
256 461 
494 181 
25 259 
235 163 
261 449 
95 57 
49 94 
142 441 
471 410 
146 477 
361 483 
268 257 
453 157 
418 60 
151 204 
135 13 
170 388 
204 28 
451 40 
323 454 
265 57 
20 28 
320 9 
296 213 
133 385 
245 304 
266 109 
16 28 
259 111 
31 172 
52 434 
225 28 
139 377 
420 372 
454 419 
82 474 
40 295 
193 499 
288 269 
158 384 
314 127 
258 224 
457 56 
6 413 
429 473 
288 184 
142 436 
430 63 
3 131 
383 331 
19 150 
140 494 
318 191 
388 438 
445 379 
147 126 
92 373 
364 298 
461 160 
495 66 
73 79 
70 492 
230 493 
495 28 
304 284 
313 237 
484 247 
404 104 
492 91 
163 166 
218 365 
465 75 
336 257 
27 331 
46 100 
302 301 
300 36 
446 177 
12 311 
15 433 
142 290 
238 139 
475 440 
114 50 
224 280 
494 408 
113 169 
352 28 
309 184 
204 285 
208 201 
240 113 
164 13 
245 78 
20 463 
436 390 
138 160 
314 461 
25 255 
148 110 
245 20 
364 459 
402 148 
58 271 
330 124 
38 194 
459 211 
233 242 
251 463 
30 43 
315 26 
447 372 
190 352 
216 390 
282 251 
86 306 
314 439 
346 373 
70 109 
421 166 
170 457 
185 464 
340 465 
481 401 
113 345 
171 155 
407 68 
228 39 
4 498 
107 96 
337 54 
276 462 
228 28 
160 311 
153 373 
468 114 
392 63 
482 21 
491 451 
72 496 
215 315 
22 224 
335 115 
113 452 
408 10 
369 269 
355 137 
211 241 
3 105 
230 242 
205 395 
250 334 
297 226 
209 43 
309 5 
239 288 
281 310 
440 71 
220 401 
67 171 
138 426 
388 81 
364 25 
309 315 
75 13 
51 13 
121 313 
180 63 
6 63 
169 74 
20 319 
210 248 
314 481 
17 226 
292 245 
301 351 
254 401 
345 412 
496 222 
113 258 
41 495 
82 218 
129 254 
426 367 
469 211 
193 462 
401 247 
163 400 
113 445 
477 294 
484 497 
482 305 
276 179 
62 89 
297 57 
435 189 
184 280 
196 141 
337 90 
265 280 
24 483 
476 263 
480 188 
489 127 
441 273 
418 57 
266 255 
447 379 
346 15 
166 392 
180 440 
193 70 
123 407 
238 76 
487 54 
269 121 
498 28 
113 362 
474 77 
494 219 
367 61 
63 379 
207 258 
478 418 
57 377 
278 390 
326 379 
184 116 
292 143 
392 380 
180 310 
485 127 
159 319 
64 327 
120 264 
94 306 
470 272 
301 228 
355 38 
261 419 
452 381 
406 177 
169 187 
243 25 
98 452 
407 229 
430 175 
94 296 
404 299 
453 335 
143 124 
386 399 
375 330 
452 17 
425 305 
160 4 
400 121 
140 329 
241 41 
344 17 
414 28 
8 161 
185 231 
302 286 
231 23 
265 0 
428 95 
26 152 
415 189 
240 423 
478 116 
461 122 
476 306 
248 53 
34 329 
289 379 
73 343 
133 84 
76 106 
280 121 
495 354 
451 267 
107 338 
204 61 
440 161 
159 475 
256 139 
485 54 
50 81 
42 327 
338 198 
75 39 
220 57 
58 415 
58 269 
44 378 
304 66 
211 126 
394 13 
373 450 
358 425 
10 396 
84 8 
439 268 
4 379 
200 496 
436 89 
206 62 
25 216 
168 13 
183 76 
436 451 
214 370 
148 306 
58 126 
124 131 
210 281 
235 338 
135 496 
84 81 
314 294 
460 298 
26 126 
87 381 
425 330 
114 208 
462 401 
50 335 
467 348 
339 431 
160 28 
432 339 
124 60 
407 442 
406 338 
150 480 
406 353 
205 130 
90 57 
3 375 
114 349 
192 167 
429 22 
296 63 
432 231 
339 315 
170 242 
48 1 
210 251 
265 228 
175 289 
477 425 
72 64 
170 343 
163 16 
26 367 
352 81 
265 478 
472 431 
24 348 
239 173 
238 131 
90 144 
258 122 
337 357 
460 159 
379 445 
177 156 
185 297 
485 479 
199 373 
9 63 
203 185 
286 172 
318 465 
348 343 
432 216 
167 368 
478 284 
430 150 
467 90 
12 93 
233 433 
133 170 
346 379 
430 70 
312 244 
415 452 
266 26 
292 175 
218 20 
159 306 
470 73 
43 132 
76 370 
286 12 
316 463 
346 432 
118 294 
449 63 
89 189 
93 354 
284 131 
134 102 
135 97 
39 458 
425 106 
50 66 
44 28 
302 298 
168 327 
133 85 
326 343 
495 111 
260 339 
204 378 
172 134 
32 352 
96 61 
72 28 
437 63 
483 186 
316 152 
243 195 
188 242 
216 224 
1 416 
269 348 
342 28 
361 403 
108 401 
91 455 
298 119 
255 60 
328 365 
243 203 
432 479 
346 331 
432 54 
90 103 
163 84 
143 205 
351 242 
430 151 
254 79 
266 344 
66 306 
58 411 
37 28 
375 188 
369 214 
235 125 
459 284 
220 161 
297 294 
298 308 
16 379 
335 379 
488 382 
125 73 
25 488 
58 199 
453 418 
299 431 
367 121 
479 269 
235 86 
109 105 
214 499 
4 181 
461 163 
318 251 
138 439 
282 185 
428 389 
160 99 
435 276 
142 379 
74 432 
436 234 
140 99 
228 352 
258 263 
209 200 
469 430 
78 322 
430 125 
435 338 
266 84 
383 13 
43 462 
1 316 
435 25 
363 393 
195 25 
128 153 
240 306 
368 267 
388 255 
53 109 
87 119 
291 95 
133 418 
197 466 
340 471 
27 300 
374 57 
369 343 
189 321 
289 380 
254 434 
152 45 
86 419 
360 224 
58 279 
94 150 
113 401 
407 21 
464 258 
74 122 
483 81 
206 63 
107 372 
157 276 
48 66 
185 9 
266 299 
495 325 
97 327 
55 24 
363 232 
463 23 
156 4 
44 251 
340 141 
230 45 
435 19 
126 431 
177 449 
440 131 
479 321 
150 353 
315 102 
177 356 
371 11 
58 170 
478 241 
118 307 
371 488 
478 227 
472 23 
128 41 
142 6 
176 226 
41 164 
406 135 
338 70 
482 36 
283 37 
170 111 
324 289 
150 227 
19 494 
309 387 
90 104 
306 28 
215 228 
488 365 
408 57 
17 148 
435 28 
235 124 
175 399 
127 130 
386 475 
38 114 
228 23 
303 45 
235 428 
485 161 
496 259 
251 366 
461 254 
14 305 
325 444 
282 144 
479 352 
101 362 
91 418 
33 462 
169 105 
3 120 
405 310 
480 403 
457 379 
196 116 
166 447 
383 327 
27 379 
263 57 
4 22 
316 134 
324 475 
318 354 
322 147 
92 315 
33 315 
440 455 
256 319 
492 88 
63 28 
129 310 
6 141 
184 245 
169 499 
185 78 
347 379 
420 411 
422 486 
182 359 
457 28 
457 137 
94 336 
133 373 
357 371 
371 214 
435 280 
55 312 
94 352 
383 389 
361 337 
468 134 
330 252 
462 63 
182 297 
140 410 
22 111 
484 276 
421 143 
44 226 
174 306 
239 241 
156 463 
352 384 
119 111 
418 28 
138 206 
320 141 
418 168 
206 411 
262 28 
223 312 
26 348 
183 140 
137 17 
415 22 
166 150 
85 108 
168 173 
26 350 
192 102 
187 92 
327 212 
97 50 
210 403 
243 347 
17 248 
74 139 
189 462 
247 40 
432 46 
233 266 
328 306 
10 28 
358 73 
178 224 
44 348 
44 267 
490 307 
396 212 
454 472 
78 75 
296 313 
135 319 
87 379 
266 9 
346 306 
435 4 
244 73 
218 419 
469 55 
378 28 
314 317 
211 335 
203 412 
182 372 
254 193 
492 164 
302 245 
269 198 
470 494 
324 89 
336 139 
104 321 
258 60 
232 281 
415 294 
343 28 
478 476 
114 481 
262 220 
291 244 
257 13 
249 263 
270 228 
306 155 
27 85 
24 375 
413 157 
168 76 
359 471 
183 392 
6 226 
420 28 
254 83 
14 54 
107 70 
117 324 
85 155 
420 104 
374 468 
64 230 
125 41 
406 164 
424 24 
147 373 
128 181 
44 124 
424 11 
468 388 
438 22 
389 244 
406 418 
227 105 
80 268 
318 245 
492 439 
459 306 
310 380 
64 89 
241 22 
489 159 
201 499 
429 167 
206 23 
328 230 
26 154 
269 350 
385 106 
449 123 
179 93 
95 93 
424 321 
156 376 
64 236 
421 121 
88 343 
478 339 
133 378 
479 58 
364 268 
19 289 
428 281 
342 5 
153 145 
225 396 
261 34 
388 267 
451 123 
386 18 
89 349 
435 116 
142 155 
67 131 
296 412 
218 206 
279 273 
17 321 
190 253 
131 349 
196 388 
188 440 
258 488 
195 375 
22 131 
307 28 
400 73 
244 130 
253 41 
159 299 
408 465 
279 499 
253 135 
163 466 
317 13 
314 125 
54 112 
106 443 
375 90 
429 349 
73 109 
309 445 
3 148 
238 16 
302 451 
399 194 
298 92 
473 411 
81 290 
300 22 
495 232 
124 299 
355 457 
209 138 
133 41 
477 196 
215 116 
245 211 
208 434 
323 457 
266 51 
419 106 
369 385 
114 28 
152 403 
205 380 
380 13 
183 429 
359 231 
371 190 
454 246 
491 450 
53 132 
358 198 
123 413 
279 307 
148 194 
309 497 
124 45 
91 356 
183 101 
99 480 
162 23 
191 229 
111 394 
195 268 
406 28 
313 396 
184 462 
