60 120 40
7 11
48 57
32 49
14 53
47 39
10 12
19 47
47 15
0 50
38 19
32 5
5 44
13 37
32 35
54 52
41 46
37 46
19 53
30 22
52 31
42 7
25 5
25 46
3 28
11 20
0 54
13 31
1 21
44 37
23 9
39 53
10 3
31 36
51 14
9 10
54 29
51 16
46 57
41 59
50 1
36 47
16 17
53 4
6 18
55 14
17 45
40 43
22 19
19 31
0 31
29 23
24 49
3 45
24 27
49 35
41 2
31 14
2 7
8 46
58 31
15 38
34 50
26 56
37 42
18 14
12 8
36 27
20 2
35 58
24 0
12 25
23 44
28 10
19 36
45 48
9 12
57 40
53 26
43 51
29 33
22 31
55 41
28 34
21 6
15 27
7 1
40 16
14 4
0 29
38 39
48 51
37 53
5 48
35 52
59 44
50 23
57 51
4 39
2 55
29 31
38 13
33 32
5 10
5 34
39 18
52 58
48 8
56 21
56 1
20 51
23 39
34 10
58 24
5 14
27 30
1 14
23 37
35 31
15 30
9 28
