200 460 99
73 5
101 101
101 101
19 114
22 121
101 101
52 79
176 197
106 197
151 141
101 101
126 94
156 195
101 101
151 147
81 89
101 101
103 124
130 153
197 198
101 101
150 2
56 143
121 30
101 101
104 177
101 101
185 121
59 72
187 194
8 159
111 35
85 151
110 57
196 109
53 80
9 118
151 45
133 81
186 108
171 20
174 163
46 157
148 144
82 178
176 198
101 101
168 50
75 14
8 32
164 15
189 117
189 44
103 72
172 45
52 47
155 119
40 56
21 13
28 0
42 199
35 76
125 62
25 35
154 186
101 101
2 17
88 96
161 88
189 6
0 176
139 175
194 68
131 189
149 82
59 139
7 49
101 101
101 101
126 114
152 78
10 192
19 183
24 77
68 177
101 118
101 101
44 132
101 101
68 7
66 195
144 128
99 126
190 94
84 26
180 24
81 8
138 184
30 123
69 171
100 169
106 167
8 3
14 30
13 79
35 8
176 167
119 11
101 51
20 188
101 53
166 146
180 173
147 45
100 55
149 10
101 101
46 31
172 73
76 81
147 33
133 111
145 160
90 43
119 70
74 111
159 133
36 22
171 138
24 96
45 90
195 90
47 63
53 116
76 96
93 41
178 33
177 48
145 157
194 77
101 101
72 150
77 181
107 46
61 19
179 196
132 189
126 24
71 116
181 19
8 76
153 129
91 38
182 66
167 39
182 16
162 155
101 101
143 40
101 101
24 167
26 165
73 126
111 185
74 159
171 67
112 193
35 74
184 135
101 101
154 184
124 114
101 101
136 3
18 9
128 106
15 124
175 12
54 53
70 152
36 198
111 47
82 120
9 85
129 60
60 143
123 27
126 96
4 100
157 110
145 182
101 101
45 158
120 164
101 101
103 164
9 158
75 30
31 107
185 182
11 70
11 177
122 32
79 15
98 184
67 77
101 101
185 1
1 27
24 19
105 196
152 76
139 95
113 149
185 130
179 140
193 12
101 101
101 101
145 47
146 168
76 47
36 14
37 21
101 101
181 171
22 1
31 198
45 18
69 113
161 102
62 140
89 76
50 34
32 184
33 5
95 145
164 182
12 20
1 75
188 98
7 177
87 131
191 137
70 179
141 158
32 125
165 164
19 15
42 166
39 128
127 130
181 139
24 69
183 79
83 120
191 50
85 189
101 101
101 101
76 133
40 171
66 103
34 191
134 166
143 57
101 101
150 165
27 36
109 179
66 17
151 158
118 172
89 29
25 84
101 101
146 87
137 42
71 183
179 23
142 116
12 171
198 63
120 102
144 92
59 56
95 46
78 155
101 101
113 10
135 86
126 97
101 101
68 49
33 28
131 91
107 95
117 12
108 138
80 115
20 5
192 58
12 61
101 101
123 128
29 8
43 108
142 61
38 174
94 37
79 142
41 148
129 127
56 129
61 116
3 180
114 61
129 110
24 95
101 101
199 134
129 117
50 166
26 108
101 101
180 99
142 71
94 120
79 61
140 196
58 69
96 136
64 82
101 101
49 194
100 9
101 101
101 101
35 29
26 11
154 174
94 62
84 182
50 199
89 197
51 53
66 164
101 101
189 10
48 187
65 64
14 185
97 73
157 31
129 79
101 101
17 103
68 104
104 49
117 127
102 65
101 101
119 25
20 116
140 67
83 165
63 176
21 92
198 167
199 27
92 190
60 46
169 54
115 55
5 95
13 109
189 15
101 101
47 106
158 118
76 111
13 93
172 147
98 171
186 156
57 5
154 161
54 101
193 31
16 2
87 71
10 138
101 101
101 101
199 34
193 7
101 101
101 101
6 10
101 101
68 61
187 112
60 40
120 64
101 101
173 99
160 157
59 117
101 101
124 183
40 124
88 170
160 31
101 101
5 145
101 101
149 44
92 116
25 11
146 137
96 183
170 87
146 199
95 165
107 110
182 72
78 162
101 101
99 97
105 122
0 83
82 0
184 108
143 59
116 15
101 101
100 54
101 101
131 135
101 101
55 4
7 153
128 52
23 105
101 101
156 108
177 12
132 160
101 101
9 45
86 186
22 45
125 140
178 63
46 57
101 101
191 146
101 101
163 154
165 66
