1000 10000 772
630 451 
503 336 
98 779 
633 852 
414 644 
272 715 
332 378 
218 524 
775 404 
565 604 
615 949 
129 135 
201 392 
767 279 
311 102 
606 501 
508 452 
973 36 
374 338 
446 429 
739 590 
871 847 
113 635 
334 750 
468 50 
69 331 
317 363 
135 829 
237 708 
93 967 
580 470 
303 388 
86 68 
46 34 
203 907 
570 577 
979 492 
794 335 
555 852 
857 311 
958 249 
492 284 
620 235 
319 892 
210 443 
662 459 
598 624 
392 364 
774 781 
144 59 
107 127 
497 873 
319 641 
53 757 
954 682 
70 49 
493 199 
310 833 
307 470 
154 601 
245 442 
129 713 
155 646 
612 206 
389 908 
19 289 
587 636 
777 965 
604 1 
313 798 
721 650 
256 755 
314 116 
319 957 
764 929 
827 501 
254 856 
37 656 
684 23 
753 823 
386 664 
588 690 
660 28 
245 260 
810 611 
479 889 
299 646 
519 520 
434 445 
652 554 
302 273 
433 467 
67 166 
970 999 
37 114 
176 852 
569 72 
320 774 
852 526 
163 200 
390 979 
920 816 
684 72 
241 837 
73 896 
360 889 
480 400 
192 238 
18 943 
468 444 
938 303 
895 681 
619 499 
840 376 
620 15 
106 704 
562 115 
376 583 
57 781 
771 629 
304 881 
883 25 
947 460 
240 889 
646 189 
87 803 
659 309 
228 459 
837 635 
73 666 
82 410 
214 996 
642 961 
5 185 
550 31 
564 475 
373 127 
773 830 
460 328 
379 930 
194 804 
156 407 
736 445 
812 341 
278 819 
978 539 
0 169 
805 668 
540 392 
587 834 
789 835 
823 226 
380 556 
881 480 
347 475 
85 18 
788 375 
677 167 
8 115 
252 555 
25 633 
294 732 
344 866 
10 935 
660 79 
280 18 
579 799 
166 143 
676 605 
706 284 
193 563 
794 558 
456 232 
210 945 
681 562 
950 15 
709 963 
5 22 
782 209 
205 573 
864 181 
250 906 
929 688 
712 353 
767 862 
326 1 
957 361 
15 217 
196 377 
760 497 
898 319 
937 445 
303 815 
216 233 
14 455 
381 869 
884 946 
556 824 
165 395 
254 790 
709 748 
287 892 
604 835 
347 110 
302 351 
780 520 
987 445 
346 962 
349 209 
489 454 
82 666 
255 904 
792 644 
69 971 
402 185 
195 121 
851 121 
861 183 
85 152 
162 381 
620 871 
579 225 
613 128 
105 454 
63 535 
333 480 
575 442 
812 145 
211 934 
977 558 
506 989 
564 710 
725 925 
624 29 
854 215 
381 60 
874 147 
95 75 
778 863 
971 763 
786 837 
278 639 
918 951 
483 174 
556 664 
486 168 
971 57 
568 445 
920 287 
156 607 
600 345 
897 826 
642 573 
64 596 
348 533 
314 925 
292 964 
567 230 
564 458 
428 260 
909 407 
652 728 
721 978 
282 519 
991 516 
900 728 
66 564 
109 875 
946 376 
86 372 
632 40 
285 37 
627 57 
691 663 
82 736 
691 550 
351 229 
621 282 
395 521 
251 852 
452 502 
150 156 
281 560 
454 795 
542 971 
349 946 
969 447 
787 615 
201 113 
7 728 
485 423 
910 527 
221 472 
230 139 
439 870 
3 213 
778 811 
734 678 
267 266 
793 92 
358 107 
374 966 
858 848 
267 827 
33 958 
381 383 
151 838 
956 766 
907 476 
620 289 
160 737 
470 7 
512 810 
706 841 
540 146 
754 820 
944 356 
902 40 
717 971 
789 610 
998 482 
211 451 
522 451 
984 540 
867 145 
104 506 
610 127 
402 610 
32 840 
922 842 
3 422 
883 746 
340 917 
132 193 
32 435 
354 947 
547 274 
898 580 
44 332 
339 682 
247 445 
244 935 
238 439 
607 435 
174 470 
676 700 
176 453 
394 855 
879 193 
483 701 
920 650 
846 680 
887 882 
125 635 
759 336 
533 408 
857 445 
341 84 
561 752 
522 265 
158 217 
140 704 
156 288 
620 228 
473 973 
775 672 
440 336 
719 703 
299 538 
912 949 
393 45 
695 289 
964 852 
298 724 
311 247 
170 749 
618 137 
980 590 
436 999 
104 110 
556 55 
816 688 
874 671 
621 988 
210 726 
675 692 
810 975 
669 719 
512 118 
374 445 
343 484 
430 229 
531 216 
524 396 
392 155 
950 199 
341 819 
142 72 
783 528 
715 519 
316 768 
295 240 
139 536 
32 172 
267 475 
81 479 
883 193 
489 225 
816 7 
74 32 
773 963 
457 169 
9 33 
371 450 
553 369 
409 702 
32 947 
151 572 
938 40 
833 167 
831 949 
945 160 
602 229 
222 797 
510 565 
664 861 
803 749 
188 746 
297 5 
657 665 
944 408 
148 336 
46 816 
79 635 
665 374 
107 560 
240 503 
434 685 
971 622 
755 526 
53 915 
768 996 
342 849 
162 677 
812 233 
271 922 
542 817 
67 661 
868 965 
854 445 
353 59 
153 673 
253 534 
953 924 
239 496 
564 23 
406 530 
132 786 
321 600 
871 629 
207 995 
767 244 
541 538 
171 601 
281 257 
861 828 
739 439 
86 565 
463 844 
10 982 
510 289 
245 153 
385 298 
855 345 
910 225 
796 797 
56 557 
59 331 
333 717 
175 183 
468 201 
735 84 
77 336 
131 249 
385 290 
903 699 
788 360 
897 1 
536 47 
827 185 
150 999 
892 445 
889 227 
349 347 
920 164 
12 923 
701 503 
968 324 
547 447 
347 275 
360 754 
825 174 
206 301 
900 452 
151 996 
122 892 
926 52 
966 999 
833 99 
117 704 
575 966 
895 951 
731 561 
8 721 
984 533 
220 41 
144 574 
785 999 
563 72 
626 432 
567 318 
695 743 
879 957 
297 662 
129 795 
584 212 
420 666 
252 930 
697 685 
242 829 
170 445 
797 378 
620 180 
250 470 
897 661 
419 280 
410 368 
782 65 
976 413 
487 84 
272 238 
446 953 
641 420 
564 682 
20 354 
479 445 
69 350 
813 315 
953 134 
195 644 
464 854 
371 675 
468 461 
239 503 
727 493 
736 21 
358 544 
281 218 
131 846 
874 258 
280 675 
866 724 
794 79 
767 441 
482 951 
431 454 
19 654 
962 489 
803 619 
968 448 
868 315 
368 36 
104 752 
809 726 
623 410 
916 448 
269 760 
820 301 
16 789 
772 234 
430 119 
458 115 
165 226 
512 25 
601 306 
691 140 
691 676 
32 736 
411 7 
112 372 
933 17 
700 155 
196 117 
593 376 
229 427 
100 31 
242 476 
711 413 
742 823 
780 404 
272 833 
922 554 
333 259 
932 591 
288 967 
94 738 
962 804 
976 448 
463 937 
255 864 
559 616 
148 709 
468 432 
156 436 
403 763 
547 284 
527 142 
339 967 
611 308 
368 447 
80 455 
879 579 
308 451 
354 590 
104 1 
731 699 
8 532 
382 189 
360 893 
156 16 
307 19 
457 117 
599 544 
90 665 
366 633 
954 915 
721 35 
168 953 
441 628 
360 980 
311 670 
52 466 
321 410 
441 638 
681 713 
139 823 
343 924 
189 797 
878 990 
726 697 
652 159 
991 377 
748 983 
676 690 
694 829 
56 733 
166 490 
487 959 
463 490 
292 77 
151 338 
253 530 
937 708 
544 844 
142 113 
180 800 
418 762 
78 917 
910 406 
470 708 
354 507 
534 652 
340 547 
712 617 
341 987 
942 984 
536 900 
489 617 
833 574 
857 18 
522 844 
825 311 
204 388 
834 358 
637 528 
430 429 
359 984 
255 392 
800 301 
809 747 
862 586 
427 634 
347 408 
665 753 
533 960 
386 661 
86 124 
403 670 
895 505 
76 51 
282 708 
664 723 
642 109 
717 254 
464 715 
921 713 
896 47 
818 138 
620 229 
880 545 
518 571 
342 159 
287 33 
834 375 
131 406 
240 330 
547 251 
353 710 
788 451 
346 10 
398 61 
493 445 
374 578 
122 908 
175 667 
986 278 
188 447 
230 825 
800 101 
490 476 
669 191 
283 985 
793 23 
295 983 
832 956 
782 419 
762 672 
567 137 
610 159 
321 585 
312 130 
898 142 
773 260 
955 869 
862 591 
941 965 
895 340 
861 786 
444 925 
394 620 
502 961 
139 682 
779 445 
279 821 
553 388 
681 802 
545 171 
196 692 
317 780 
237 853 
593 846 
500 439 
85 994 
527 561 
242 482 
972 694 
707 921 
545 852 
463 911 
181 126 
800 40 
485 915 
750 445 
131 161 
429 648 
69 244 
317 923 
609 555 
221 708 
486 975 
46 197 
778 687 
585 846 
373 251 
120 108 
418 907 
838 280 
745 173 
899 913 
932 444 
559 32 
429 740 
637 245 
219 260 
834 348 
561 826 
809 825 
623 445 
813 996 
657 726 
169 120 
963 516 
429 445 
858 388 
657 558 
55 576 
661 112 
893 453 
343 278 
928 556 
930 826 
466 786 
662 377 
472 987 
399 297 
359 675 
188 827 
884 103 
32 475 
705 431 
367 375 
484 242 
89 708 
545 676 
860 135 
110 917 
577 43 
335 885 
0 273 
368 335 
753 989 
198 402 
971 863 
496 537 
416 445 
343 656 
808 355 
706 457 
689 301 
742 793 
397 445 
837 738 
31 227 
810 393 
939 194 
966 743 
887 245 
442 868 
12 287 
188 888 
512 505 
107 31 
389 209 
10 189 
764 587 
28 812 
393 154 
928 414 
867 690 
300 682 
621 216 
152 636 
199 624 
908 834 
580 541 
598 625 
319 406 
768 168 
309 743 
399 436 
919 470 
459 632 
541 772 
333 219 
198 311 
47 455 
663 260 
741 574 
180 3 
598 331 
556 67 
604 47 
794 634 
598 439 
891 686 
512 741 
594 648 
742 873 
939 445 
510 171 
721 835 
834 653 
122 835 
785 301 
199 605 
20 503 
483 810 
919 453 
915 445 
665 50 
251 485 
203 194 
620 148 
544 289 
444 170 
884 462 
223 445 
25 913 
322 534 
753 258 
741 862 
895 100 
35 201 
623 268 
978 931 
498 426 
787 685 
550 308 
485 215 
269 189 
243 786 
959 445 
858 902 
269 693 
945 672 
63 600 
647 355 
118 49 
684 506 
849 361 
823 686 
676 260 
910 749 
987 890 
830 440 
414 686 
857 780 
731 505 
793 98 
945 445 
778 667 
64 270 
676 932 
267 671 
104 430 
774 820 
778 560 
466 22 
296 927 
809 132 
296 145 
385 302 
905 779 
288 804 
734 516 
407 388 
256 558 
422 819 
429 570 
880 489 
525 57 
752 21 
480 173 
321 316 
280 356 
417 666 
602 128 
330 520 
698 636 
448 376 
510 422 
112 23 
660 939 
290 226 
210 531 
755 745 
752 956 
394 512 
508 663 
541 615 
841 999 
59 444 
188 467 
893 323 
928 875 
782 727 
546 570 
218 852 
340 33 
260 92 
483 517 
678 240 
557 40 
213 999 
755 450 
166 455 
506 601 
401 153 
706 895 
400 836 
87 24 
741 84 
642 629 
142 609 
228 268 
631 740 
515 865 
439 40 
369 526 
489 21 
960 617 
695 656 
198 337 
156 476 
393 75 
569 852 
564 496 
723 92 
180 967 
168 13 
471 50 
775 157 
838 925 
898 152 
326 423 
532 466 
479 496 
899 301 
641 775 
748 385 
856 369 
282 989 
201 611 
685 114 
563 249 
391 866 
186 182 
15 936 
994 614 
878 217 
579 865 
415 429 
669 876 
42 948 
162 419 
98 268 
179 413 
381 544 
803 273 
969 970 
48 226 
810 262 
606 662 
143 653 
20 145 
577 47 
669 378 
644 917 
116 487 
807 361 
962 925 
778 2 
928 666 
67 75 
784 810 
368 639 
118 161 
546 80 
361 867 
681 821 
525 987 
342 949 
220 918 
677 445 
823 212 
483 579 
534 876 
127 538 
446 133 
800 629 
738 600 
335 827 
295 624 
230 177 
375 666 
691 430 
50 426 
56 347 
509 413 
768 38 
192 153 
320 867 
32 756 
784 757 
420 596 
836 445 
12 79 
50 713 
481 445 
263 856 
263 484 
959 554 
717 596 
707 479 
759 216 
279 852 
550 616 
497 179 
800 488 
691 625 
414 498 
106 999 
740 445 
179 229 
412 688 
524 93 
382 233 
339 796 
895 401 
816 149 
928 675 
234 138 
580 146 
719 81 
434 92 
150 456 
874 454 
154 867 
761 131 
250 933 
980 112 
538 378 
960 925 
512 92 
399 476 
455 590 
226 427 
477 753 
74 318 
813 353 
721 392 
95 475 
789 183 
851 93 
914 999 
757 726 
647 531 
598 675 
494 445 
291 260 
977 328 
947 159 
741 397 
981 156 
940 266 
324 710 
70 795 
565 676 
415 797 
850 429 
64 728 
92 877 
88 745 
69 6 
195 135 
294 922 
578 23 
569 475 
494 909 
937 482 
907 174 
238 695 
867 84 
313 858 
719 475 
538 502 
76 431 
438 289 
267 41 
142 209 
985 883 
297 435 
678 799 
751 627 
142 264 
766 488 
910 805 
782 426 
319 708 
716 756 
67 40 
787 738 
608 234 
932 869 
785 576 
557 427 
373 249 
788 661 
175 301 
217 120 
818 72 
777 445 
586 1 
929 700 
594 828 
39 60 
269 740 
603 412 
116 1 
532 441 
574 466 
314 124 
797 601 
217 602 
471 356 
126 635 
410 206 
268 955 
188 329 
129 779 
470 499 
278 445 
30 158 
725 896 
567 949 
310 426 
650 925 
605 989 
335 229 
787 432 
90 868 
606 669 
893 262 
958 600 
759 948 
660 663 
823 75 
984 682 
773 367 
389 243 
418 440 
910 533 
967 396 
448 378 
494 949 
64 734 
559 98 
709 490 
343 849 
757 819 
567 377 
78 844 
250 672 
621 65 
193 867 
556 199 
69 211 
480 136 
894 740 
683 37 
137 189 
88 633 
808 822 
17 385 
500 364 
432 254 
489 168 
56 215 
605 999 
210 700 
500 889 
267 646 
986 928 
760 849 
240 53 
207 249 
926 436 
346 170 
712 101 
285 181 
408 852 
46 546 
691 383 
858 821 
942 404 
849 416 
257 320 
674 144 
381 388 
715 13 
732 455 
221 445 
803 198 
882 358 
620 931 
647 236 
76 258 
336 826 
740 842 
597 989 
665 294 
717 999 
822 332 
584 453 
578 708 
643 477 
778 999 
158 935 
28 649 
51 473 
981 669 
569 99 
8 29 
382 229 
247 965 
9 281 
935 246 
82 796 
591 758 
14 647 
382 322 
23 967 
954 807 
622 157 
833 607 
971 745 
67 193 
920 466 
904 577 
166 47 
251 499 
646 75 
787 806 
807 850 
850 835 
891 330 
837 509 
383 23 
202 445 
152 640 
42 336 
379 736 
752 967 
587 113 
154 361 
358 579 
35 840 
627 836 
116 439 
809 204 
834 351 
510 361 
922 65 
236 758 
834 847 
772 273 
868 915 
218 598 
881 984 
862 53 
125 922 
147 156 
428 819 
620 379 
6 463 
437 22 
748 228 
74 236 
90 909 
644 416 
918 445 
860 827 
783 501 
983 838 
464 25 
837 790 
239 262 
66 589 
366 896 
494 398 
664 994 
449 439 
420 445 
857 86 
756 593 
64 742 
413 236 
304 736 
677 55 
359 484 
804 528 
211 444 
401 770 
49 352 
626 537 
807 540 
833 173 
44 684 
709 885 
875 805 
414 313 
35 781 
487 996 
546 693 
469 934 
481 838 
198 749 
775 450 
86 509 
25 170 
756 913 
604 615 
593 242 
756 588 
769 466 
777 701 
561 959 
267 317 
42 713 
767 242 
891 972 
480 929 
106 58 
933 439 
895 442 
410 711 
56 280 
867 520 
782 773 
950 489 
664 917 
72 0 
575 195 
374 973 
512 232 
792 408 
529 296 
586 23 
59 356 
659 450 
895 245 
184 61 
118 826 
465 585 
900 519 
763 153 
611 413 
564 75 
975 372 
536 337 
230 259 
238 17 
958 682 
857 568 
962 21 
760 612 
798 629 
585 521 
192 989 
644 774 
272 354 
773 854 
942 146 
90 582 
845 51 
822 615 
394 3 
778 482 
185 336 
841 173 
910 944 
903 407 
270 422 
656 284 
941 402 
463 583 
174 671 
313 330 
255 724 
677 812 
500 158 
324 833 
534 323 
416 121 
574 205 
595 426 
205 173 
699 355 
476 55 
13 426 
222 804 
640 867 
186 1 
3 404 
41 408 
394 728 
297 159 
513 893 
613 852 
849 413 
855 776 
754 889 
215 999 
850 303 
237 212 
840 481 
118 933 
734 488 
643 498 
993 914 
162 858 
894 643 
44 65 
689 946 
558 666 
845 273 
351 724 
45 724 
577 651 
803 234 
330 372 
635 673 
930 836 
79 699 
360 635 
791 215 
81 645 
772 252 
685 453 
613 790 
272 852 
319 408 
414 82 
979 622 
607 999 
343 481 
5 109 
66 474 
57 848 
6 40 
359 964 
669 846 
494 147 
480 397 
543 829 
29 616 
295 445 
814 999 
58 172 
621 944 
80 729 
205 52 
275 999 
90 636 
344 139 
10 55 
332 267 
615 858 
367 277 
480 599 
56 862 
843 626 
135 951 
574 445 
281 237 
761 623 
105 918 
137 274 
304 844 
775 351 
426 345 
513 7 
893 869 
534 714 
527 672 
199 852 
291 103 
66 503 
773 564 
14 469 
286 925 
562 495 
584 713 
574 560 
300 998 
132 103 
573 329 
106 533 
229 817 
321 729 
818 191 
186 852 
636 738 
334 565 
584 259 
281 212 
574 756 
527 617 
668 852 
210 177 
919 48 
463 309 
346 755 
299 361 
754 107 
715 263 
318 440 
204 28 
874 445 
472 98 
470 27 
614 842 
334 620 
795 797 
541 202 
303 40 
623 479 
383 796 
0 796 
681 776 
0 127 
5 417 
375 856 
347 925 
8 262 
349 628 
112 873 
794 312 
658 726 
305 738 
515 808 
334 214 
283 128 
247 617 
910 103 
921 482 
277 120 
213 975 
987 435 
174 426 
564 370 
572 108 
443 441 
741 377 
427 61 
175 758 
716 714 
564 774 
213 45 
898 856 
44 764 
12 999 
540 71 
717 747 
338 625 
292 303 
793 638 
637 397 
550 445 
972 661 
725 105 
2 135 
925 852 
677 835 
962 55 
556 250 
402 445 
341 955 
491 993 
196 315 
494 639 
821 229 
968 17 
278 6 
187 511 
904 194 
460 424 
922 557 
283 466 
795 175 
682 601 
253 953 
166 464 
132 198 
920 560 
190 532 
761 909 
753 372 
137 455 
782 493 
175 191 
481 81 
643 290 
438 745 
853 951 
463 724 
211 260 
70 315 
393 254 
642 374 
44 549 
648 420 
829 276 
325 656 
534 922 
782 3 
805 699 
707 112 
885 280 
319 158 
196 127 
857 899 
484 236 
920 999 
534 75 
954 533 
305 725 
685 600 
998 224 
335 957 
619 408 
226 743 
103 145 
644 617 
974 287 
816 127 
539 439 
144 95 
78 806 
127 55 
566 445 
162 427 
153 889 
810 298 
513 297 
510 999 
784 852 
827 873 
885 925 
839 58 
456 323 
901 126 
188 980 
236 511 
993 340 
992 688 
297 1 
984 93 
598 570 
383 936 
663 607 
914 423 
77 713 
776 836 
945 413 
693 990 
204 245 
625 222 
258 577 
892 336 
285 950 
727 478 
73 105 
980 658 
948 23 
705 61 
356 34 
591 126 
872 121 
715 368 
996 530 
933 277 
141 0 
556 95 
151 146 
432 750 
841 432 
939 258 
582 485 
25 477 
920 254 
565 80 
663 78 
102 710 
783 788 
56 811 
346 730 
482 115 
303 844 
579 60 
245 555 
259 126 
267 508 
681 767 
252 2 
457 102 
515 330 
403 170 
882 770 
477 22 
699 57 
375 294 
52 735 
669 562 
698 980 
941 274 
778 693 
228 754 
199 303 
8 909 
335 672 
313 627 
303 445 
938 416 
827 519 
969 236 
138 538 
322 867 
531 141 
6 287 
583 934 
413 277 
610 814 
784 432 
937 175 
659 836 
463 445 
937 116 
625 729 
696 598 
322 989 
901 958 
448 892 
380 279 
62 792 
286 59 
974 839 
100 701 
739 160 
805 445 
643 664 
551 749 
244 319 
188 413 
979 327 
188 50 
30 924 
448 84 
813 648 
864 211 
559 456 
457 445 
118 825 
510 722 
356 445 
747 330 
278 136 
123 278 
777 853 
242 289 
608 107 
968 775 
548 845 
529 940 
59 724 
366 212 
543 676 
726 672 
504 19 
385 889 
947 466 
305 723 
154 404 
578 749 
816 420 
490 562 
970 934 
784 321 
266 293 
428 420 
578 273 
432 800 
642 445 
382 278 
707 113 
950 48 
288 444 
840 301 
546 313 
787 383 
664 688 
874 853 
489 385 
180 168 
209 737 
129 429 
235 555 
985 259 
450 445 
862 84 
442 153 
258 768 
493 898 
87 106 
343 999 
295 768 
115 869 
499 362 
312 485 
73 96 
597 336 
146 136 
151 754 
165 26 
407 952 
699 844 
90 884 
742 262 
508 805 
35 644 
898 6 
124 234 
745 471 
693 53 
456 696 
930 242 
998 884 
623 775 
411 545 
617 877 
161 806 
678 909 
853 934 
593 661 
338 925 
773 581 
269 277 
572 386 
497 221 
731 140 
809 275 
696 851 
267 425 
56 157 
618 287 
225 958 
988 673 
832 544 
569 713 
608 49 
486 117 
952 395 
903 889 
966 687 
158 713 
350 236 
744 318 
241 771 
469 371 
421 465 
648 184 
542 5 
857 663 
785 135 
243 105 
357 188 
232 12 
46 286 
317 421 
414 789 
53 439 
17 746 
775 917 
719 423 
904 464 
518 455 
377 126 
46 646 
116 565 
612 3 
529 399 
698 258 
597 134 
709 601 
486 737 
509 646 
512 773 
919 476 
356 528 
945 336 
576 336 
980 99 
830 130 
25 852 
297 3 
152 535 
275 617 
899 971 
822 127 
354 663 
968 327 
404 455 
505 869 
56 85 
238 134 
963 746 
899 797 
124 220 
586 239 
566 497 
283 525 
40 779 
52 18 
40 519 
95 437 
333 549 
317 527 
176 302 
553 373 
967 999 
619 924 
70 913 
322 842 
370 40 
44 282 
479 601 
841 613 
305 71 
469 589 
606 278 
70 445 
835 167 
567 3 
549 990 
599 441 
319 156 
542 877 
939 923 
780 891 
871 398 
626 248 
816 392 
783 57 
154 52 
639 186 
874 536 
185 215 
466 21 
62 337 
271 744 
714 378 
379 999 
683 602 
394 698 
207 806 
573 584 
495 1 
70 609 
699 729 
904 306 
379 287 
241 353 
410 353 
465 27 
572 17 
760 524 
106 414 
414 956 
123 575 
945 301 
751 499 
659 584 
313 710 
20 57 
19 614 
357 676 
308 406 
139 353 
721 279 
629 138 
192 901 
380 340 
265 60 
723 661 
433 831 
87 632 
379 868 
883 833 
841 102 
861 424 
325 528 
275 164 
459 733 
300 886 
322 423 
162 379 
234 989 
942 893 
343 686 
921 197 
456 352 
902 92 
192 455 
76 866 
732 630 
251 936 
633 591 
760 250 
474 385 
753 445 
536 457 
757 325 
809 165 
968 780 
638 461 
438 249 
42 999 
474 306 
968 862 
371 35 
707 28 
394 872 
586 719 
62 60 
602 444 
323 987 
922 240 
659 975 
991 605 
868 21 
559 129 
216 996 
971 564 
116 481 
791 201 
304 67 
843 211 
441 447 
784 728 
566 9 
260 473 
179 289 
763 364 
804 544 
914 840 
94 328 
780 134 
677 713 
958 215 
638 836 
248 127 
577 482 
190 676 
394 594 
190 445 
876 532 
484 700 
802 995 
760 658 
612 341 
37 927 
126 184 
44 783 
916 744 
255 633 
882 485 
582 466 
205 503 
892 724 
338 490 
54 134 
162 767 
794 832 
846 461 
402 127 
618 87 
928 967 
399 693 
830 408 
294 609 
368 373 
998 265 
162 156 
991 518 
803 599 
792 604 
812 445 
605 473 
329 315 
63 445 
942 744 
393 963 
945 735 
313 482 
344 743 
82 395 
609 246 
466 902 
887 298 
44 917 
904 711 
871 413 
68 2 
992 35 
681 544 
344 250 
974 876 
500 850 
977 795 
194 372 
577 471 
46 146 
489 435 
207 409 
219 555 
7 370 
659 849 
224 656 
228 979 
432 740 
271 450 
386 352 
70 611 
548 107 
236 445 
489 300 
461 409 
3 243 
623 343 
500 854 
513 63 
238 288 
920 23 
294 474 
960 525 
657 823 
20 323 
512 983 
782 135 
215 852 
808 434 
896 354 
498 728 
784 68 
529 958 
804 646 
931 718 
153 519 
73 847 
587 373 
232 847 
539 455 
807 384 
273 229 
464 474 
958 419 
256 244 
415 601 
380 700 
849 953 
192 611 
48 830 
264 27 
137 265 
593 445 
2 194 
459 802 
32 89 
538 351 
747 677 
469 611 
684 35 
689 963 
556 840 
457 363 
338 934 
802 328 
317 740 
723 75 
967 261 
494 642 
867 555 
920 503 
781 521 
924 999 
282 868 
904 40 
816 645 
506 915 
587 656 
707 612 
117 585 
353 718 
620 80 
32 750 
932 501 
787 28 
218 723 
142 592 
862 686 
124 648 
490 959 
678 445 
840 240 
468 445 
653 372 
308 290 
430 993 
997 68 
359 226 
858 593 
292 839 
842 521 
146 661 
464 999 
716 27 
15 265 
575 439 
542 672 
731 820 
81 503 
699 646 
202 600 
749 34 
783 722 
887 275 
707 41 
97 927 
14 644 
78 609 
801 392 
100 658 
775 197 
625 676 
495 445 
733 652 
84 102 
725 229 
74 471 
252 370 
832 803 
179 236 
83 38 
225 300 
158 432 
540 189 
855 708 
97 321 
702 499 
297 795 
294 16 
347 445 
406 453 
693 426 
594 626 
910 55 
205 477 
674 20 
916 796 
939 192 
69 136 
884 699 
8 747 
928 477 
534 216 
282 860 
140 814 
612 530 
380 647 
807 14 
82 775 
710 779 
844 970 
375 816 
662 585 
165 335 
998 499 
314 141 
846 779 
382 3 
26 829 
788 925 
46 786 
974 551 
603 277 
673 886 
401 814 
298 838 
487 770 
1 168 
353 779 
114 616 
296 911 
764 953 
143 336 
549 354 
162 338 
417 184 
837 289 
301 670 
370 328 
371 325 
217 592 
134 682 
621 45 
398 768 
321 669 
170 77 
889 713 
330 235 
719 851 
962 465 
37 753 
604 577 
398 37 
929 531 
414 24 
344 188 
412 607 
577 935 
674 814 
684 785 
228 155 
891 943 
979 23 
490 505 
734 339 
416 508 
986 792 
392 445 
566 877 
713 911 
880 797 
765 124 
322 415 
389 605 
383 976 
304 460 
641 308 
148 47 
308 306 
660 358 
16 231 
711 98 
881 249 
93 439 
297 239 
506 999 
875 59 
440 22 
205 911 
413 289 
146 995 
796 182 
733 110 
291 435 
515 209 
322 809 
904 763 
768 336 
761 368 
67 880 
525 341 
104 271 
731 432 
641 605 
882 713 
772 867 
993 99 
457 628 
401 277 
739 217 
100 837 
816 480 
29 13 
15 845 
513 791 
522 110 
131 89 
715 103 
578 845 
721 965 
131 652 
102 852 
920 577 
82 445 
265 167 
203 866 
304 15 
238 728 
443 38 
209 4 
143 385 
296 134 
608 368 
144 332 
48 418 
20 861 
361 445 
639 83 
118 78 
989 445 
773 247 
294 863 
497 853 
319 860 
897 80 
317 48 
652 293 
38 224 
299 663 
344 277 
899 823 
715 839 
348 156 
6 507 
918 564 
921 42 
315 117 
721 647 
643 807 
204 639 
606 756 
882 69 
893 400 
896 327 
552 713 
915 600 
956 115 
612 1 
900 526 
317 100 
501 934 
731 316 
791 486 
833 724 
131 962 
808 713 
649 228 
32 785 
822 816 
73 278 
498 581 
572 66 
808 27 
442 13 
700 396 
689 698 
887 41 
549 99 
457 270 
579 107 
771 634 
800 320 
55 34 
649 173 
881 140 
903 733 
482 413 
779 654 
590 336 
467 696 
988 160 
621 341 
109 406 
10 62 
150 303 
44 304 
215 948 
56 789 
57 576 
476 528 
986 349 
161 795 
516 61 
579 728 
63 711 
898 733 
527 819 
348 373 
374 154 
209 444 
767 762 
14 960 
800 388 
644 821 
882 434 
780 223 
795 378 
559 104 
598 147 
479 200 
866 713 
783 871 
664 251 
727 622 
133 311 
278 668 
389 737 
295 844 
156 413 
783 930 
693 648 
629 797 
853 40 
560 280 
968 274 
344 479 
596 925 
109 568 
326 844 
250 487 
605 293 
618 408 
221 274 
907 369 
188 212 
542 539 
778 336 
782 898 
147 421 
375 710 
179 445 
794 961 
287 848 
572 174 
705 465 
831 289 
992 963 
574 604 
442 996 
595 812 
365 18 
82 935 
494 540 
709 147 
244 72 
173 989 
643 871 
271 540 
564 819 
318 100 
494 632 
536 331 
170 667 
241 560 
748 419 
39 294 
492 743 
267 610 
843 674 
131 507 
826 328 
364 927 
324 162 
669 147 
548 868 
572 853 
706 579 
162 980 
709 615 
339 473 
574 434 
271 789 
402 839 
137 40 
510 87 
73 909 
469 223 
492 361 
202 610 
480 219 
390 445 
675 164 
569 393 
717 21 
69 340 
653 445 
21 41 
63 126 
907 675 
377 746 
504 479 
527 553 
142 777 
618 696 
301 680 
157 585 
841 601 
233 514 
762 852 
868 247 
429 372 
257 603 
720 49 
944 131 
342 12 
782 955 
741 367 
611 553 
706 713 
42 576 
572 73 
283 70 
775 402 
326 60 
14 970 
433 576 
731 852 
410 769 
139 275 
307 519 
544 84 
968 833 
622 200 
361 372 
579 450 
484 669 
377 844 
44 199 
918 738 
922 999 
626 378 
978 612 
669 406 
557 852 
493 496 
452 102 
467 476 
640 810 
871 998 
742 842 
448 102 
230 366 
994 999 
711 168 
223 641 
975 363 
706 301 
432 420 
691 401 
398 216 
286 810 
134 115 
782 169 
659 740 
94 844 
401 821 
355 499 
568 465 
623 736 
94 228 
273 159 
255 886 
125 760 
67 617 
660 840 
710 289 
320 71 
196 445 
792 454 
340 669 
195 933 
800 911 
787 969 
464 218 
244 532 
31 970 
969 662 
689 280 
283 756 
127 869 
925 24 
99 111 
650 71 
898 752 
360 971 
536 685 
256 842 
132 779 
188 569 
321 417 
664 825 
939 600 
937 750 
192 992 
639 952 
249 672 
259 859 
972 149 
566 288 
190 412 
817 345 
763 927 
524 863 
606 426 
377 120 
255 438 
907 445 
573 392 
39 298 
39 292 
339 615 
794 445 
484 826 
52 217 
188 404 
491 930 
771 301 
898 834 
190 852 
725 135 
53 23 
501 41 
793 402 
473 168 
853 523 
404 774 
305 347 
383 341 
878 252 
267 424 
798 595 
828 609 
83 465 
463 912 
174 478 
19 436 
685 466 
778 574 
424 229 
105 554 
269 877 
67 445 
203 641 
161 156 
931 366 
487 597 
500 712 
639 385 
490 611 
12 852 
265 999 
625 836 
220 951 
272 729 
547 595 
977 413 
985 735 
100 199 
880 979 
280 65 
760 114 
506 273 
97 577 
480 270 
745 369 
894 151 
990 846 
442 746 
2 445 
202 864 
956 551 
528 710 
87 161 
123 880 
219 327 
442 19 
773 777 
107 173 
626 797 
750 704 
391 355 
624 503 
354 316 
446 32 
449 212 
759 169 
416 295 
207 552 
674 500 
95 372 
469 898 
305 786 
607 844 
931 904 
52 163 
100 362 
240 470 
219 41 
838 302 
947 728 
580 100 
515 859 
68 773 
778 28 
116 243 
582 450 
221 805 
366 472 
871 562 
905 108 
597 413 
204 554 
530 84 
235 183 
91 940 
325 602 
866 127 
860 516 
217 200 
457 40 
864 640 
414 445 
52 799 
691 184 
742 667 
48 338 
686 796 
580 979 
177 508 
340 259 
6 391 
35 504 
147 868 
177 407 
172 613 
493 576 
701 925 
88 184 
554 450 
650 609 
818 676 
460 335 
968 569 
575 586 
486 913 
681 358 
968 93 
250 391 
908 114 
716 885 
991 683 
872 495 
860 598 
518 930 
693 632 
872 682 
433 975 
319 285 
535 492 
591 238 
543 103 
788 407 
963 999 
565 636 
404 859 
746 303 
283 978 
203 406 
510 522 
359 597 
707 291 
725 766 
803 276 
343 602 
887 338 
65 408 
587 12 
542 341 
78 57 
567 38 
207 253 
718 934 
808 644 
981 155 
435 779 
631 846 
750 745 
90 726 
878 577 
137 428 
468 303 
364 499 
705 358 
305 168 
594 981 
78 127 
916 274 
827 804 
433 775 
401 216 
535 801 
608 983 
278 93 
798 336 
979 341 
352 655 
744 554 
247 700 
764 993 
754 967 
39 350 
42 852 
532 598 
241 177 
230 777 
926 533 
311 523 
816 327 
832 889 
601 965 
292 370 
64 553 
313 976 
157 955 
550 23 
677 912 
725 629 
974 618 
931 473 
835 145 
469 159 
750 936 
623 350 
962 245 
267 422 
647 613 
649 449 
637 116 
813 906 
733 635 
872 584 
81 624 
669 34 
389 280 
73 401 
681 632 
389 220 
205 400 
234 45 
129 858 
560 454 
476 690 
674 786 
565 288 
129 23 
618 471 
637 431 
671 265 
882 809 
69 772 
282 113 
838 682 
143 622 
333 395 
735 812 
180 783 
481 227 
44 354 
718 473 
367 818 
636 668 
969 965 
222 726 
292 351 
585 388 
783 223 
671 636 
87 518 
808 311 
684 350 
282 866 
498 72 
978 129 
180 916 
752 970 
691 841 
238 789 
825 703 
309 31 
604 970 
753 60 
15 397 
58 445 
861 12 
612 979 
529 756 
329 50 
428 837 
29 675 
294 862 
825 328 
691 265 
329 924 
878 642 
369 43 
493 601 
977 392 
898 26 
641 646 
734 49 
805 388 
597 372 
13 555 
364 766 
809 884 
116 135 
783 679 
382 796 
512 214 
785 339 
769 235 
63 491 
480 552 
871 66 
987 164 
755 315 
154 724 
124 749 
881 743 
810 146 
5 558 
142 840 
64 197 
628 690 
677 385 
604 965 
751 926 
474 155 
9 404 
553 605 
188 821 
945 718 
133 225 
25 102 
477 26 
875 445 
568 423 
279 289 
49 445 
252 996 
479 136 
286 969 
897 532 
958 797 
86 999 
332 383 
189 635 
26 738 
531 998 
44 122 
17 528 
733 443 
407 848 
474 922 
342 83 
833 795 
893 582 
964 628 
512 901 
124 624 
736 246 
14 467 
949 713 
580 222 
421 301 
920 288 
926 909 
804 40 
83 661 
418 224 
767 988 
481 288 
765 470 
864 743 
709 322 
575 563 
42 157 
808 942 
977 920 
840 844 
482 185 
216 551 
59 448 
358 962 
425 348 
309 775 
250 249 
245 522 
238 445 
225 211 
332 159 
411 538 
683 322 
104 72 
545 870 
597 796 
976 774 
125 78 
104 153 
10 490 
773 132 
697 740 
851 797 
759 635 
289 848 
989 96 
379 854 
494 739 
791 972 
802 448 
119 330 
379 199 
496 189 
691 153 
196 637 
981 335 
701 218 
122 854 
908 700 
717 419 
154 445 
234 40 
603 999 
211 781 
609 336 
333 428 
892 337 
469 330 
605 421 
398 393 
774 445 
51 951 
647 964 
500 979 
299 478 
715 220 
788 355 
279 687 
873 264 
725 265 
314 640 
902 78 
357 947 
938 179 
584 279 
66 999 
259 946 
193 254 
919 64 
831 724 
412 599 
909 853 
954 471 
317 696 
245 481 
806 173 
419 476 
786 943 
306 61 
831 442 
184 369 
333 15 
224 413 
79 124 
147 965 
118 455 
569 728 
150 547 
756 138 
116 897 
896 408 
741 408 
123 254 
307 487 
104 423 
15 458 
8 309 
631 603 
148 992 
399 450 
370 516 
522 625 
297 74 
728 277 
594 518 
320 592 
449 436 
26 229 
379 177 
485 503 
125 192 
307 531 
990 23 
871 392 
733 471 
135 406 
73 154 
908 865 
495 320 
546 27 
801 212 
949 989 
695 80 
315 869 
831 51 
533 445 
968 173 
39 59 
924 766 
692 130 
263 456 
204 604 
610 445 
67 796 
599 779 
262 852 
794 265 
932 952 
700 403 
221 471 
683 466 
221 888 
596 713 
270 564 
957 341 
441 99 
73 837 
875 134 
956 547 
488 40 
368 350 
958 605 
129 369 
477 114 
104 208 
64 610 
512 389 
831 613 
467 235 
788 860 
418 750 
666 829 
899 270 
816 381 
158 445 
608 239 
780 949 
867 869 
572 731 
643 911 
562 194 
543 311 
410 57 
806 11 
996 301 
723 736 
601 376 
919 96 
780 732 
430 896 
664 545 
929 873 
90 672 
640 60 
954 763 
956 739 
784 455 
933 740 
900 638 
394 839 
340 532 
898 94 
30 402 
844 680 
28 489 
715 814 
969 679 
68 186 
880 858 
579 899 
148 349 
69 832 
203 569 
529 321 
106 489 
641 839 
177 585 
309 260 
948 967 
52 733 
887 231 
782 825 
716 493 
36 628 
671 478 
870 675 
552 742 
821 435 
81 400 
446 892 
959 153 
90 969 
230 774 
500 910 
610 636 
920 53 
14 303 
962 496 
484 889 
784 552 
129 750 
423 852 
44 240 
803 432 
380 845 
838 989 
783 176 
486 885 
321 926 
786 713 
990 790 
871 999 
977 876 
676 866 
858 710 
540 639 
271 140 
527 425 
932 934 
698 408 
286 989 
508 444 
562 840 
323 445 
876 955 
207 247 
286 438 
137 146 
696 584 
827 302 
33 53 
454 482 
605 852 
494 252 
230 710 
310 346 
399 532 
923 941 
192 140 
660 889 
921 432 
847 983 
493 448 
399 601 
976 445 
920 409 
874 23 
180 370 
61 703 
211 103 
250 752 
350 5 
698 213 
862 47 
503 687 
941 238 
102 824 
596 478 
678 924 
967 844 
314 705 
448 387 
677 648 
78 462 
102 776 
63 81 
664 852 
631 959 
925 92 
304 748 
909 713 
916 742 
734 282 
522 948 
564 476 
986 852 
684 445 
808 235 
325 127 
416 805 
928 877 
95 390 
477 848 
551 160 
973 607 
325 445 
317 748 
165 638 
31 982 
456 818 
244 726 
810 16 
400 530 
688 445 
723 562 
750 911 
561 994 
813 716 
611 576 
857 584 
89 29 
677 199 
561 38 
604 381 
360 485 
624 800 
554 160 
161 81 
699 601 
879 347 
598 450 
768 867 
383 291 
414 571 
571 946 
742 733 
572 932 
272 902 
433 119 
994 781 
988 518 
873 511 
253 196 
954 541 
513 828 
3 785 
472 965 
649 726 
204 652 
722 724 
706 149 
567 593 
746 320 
872 35 
380 886 
939 359 
788 134 
988 413 
887 700 
878 949 
391 738 
490 994 
847 239 
539 407 
407 356 
949 451 
201 496 
611 289 
713 159 
795 967 
671 953 
809 466 
118 776 
979 628 
876 158 
144 220 
245 547 
944 228 
152 77 
292 329 
240 13 
163 179 
733 238 
390 163 
566 493 
720 921 
527 990 
426 927 
812 925 
723 503 
131 723 
986 983 
17 475 
910 174 
94 101 
772 445 
316 251 
785 21 
232 376 
463 929 
631 747 
570 1 
684 145 
969 218 
894 629 
283 314 
834 539 
857 647 
294 550 
664 597 
407 470 
382 101 
921 92 
784 471 
67 934 
30 659 
560 766 
72 33 
606 44 
971 28 
966 836 
221 273 
574 155 
133 740 
95 596 
671 421 
938 137 
500 453 
990 391 
304 307 
693 464 
775 576 
616 946 
640 174 
777 524 
274 273 
922 173 
593 650 
165 287 
665 766 
808 390 
667 925 
131 583 
976 60 
868 372 
23 445 
720 276 
563 384 
38 713 
285 996 
637 632 
440 699 
640 236 
125 986 
741 672 
547 735 
843 930 
46 449 
928 59 
783 27 
565 576 
843 116 
619 528 
73 420 
69 964 
442 998 
52 599 
914 582 
780 215 
838 713 
112 530 
74 75 
572 110 
598 159 
561 300 
594 763 
261 710 
767 311 
212 844 
67 987 
428 439 
32 457 
887 784 
857 795 
801 730 
394 649 
770 511 
595 61 
928 906 
88 505 
684 525 
615 238 
505 42 
763 577 
723 233 
894 951 
291 141 
603 748 
169 185 
577 80 
916 95 
176 581 
253 590 
417 676 
804 120 
832 648 
619 869 
913 290 
311 160 
373 361 
913 918 
714 973 
223 958 
71 806 
290 560 
798 470 
699 774 
332 79 
385 42 
412 774 
760 558 
380 696 
273 999 
673 521 
904 235 
730 413 
474 21 
162 392 
808 707 
572 836 
351 277 
162 786 
364 953 
342 943 
897 672 
923 502 
250 812 
618 459 
122 540 
283 867 
604 998 
77 592 
407 330 
410 934 
85 100 
67 526 
58 280 
802 1 
38 601 
861 65 
920 221 
866 31 
30 863 
308 710 
618 468 
292 223 
534 752 
615 839 
473 960 
490 308 
753 175 
746 98 
203 151 
51 254 
329 405 
245 571 
553 370 
643 222 
894 891 
731 632 
615 228 
620 906 
715 752 
575 668 
755 39 
292 432 
926 649 
767 740 
974 288 
751 952 
611 820 
104 900 
346 238 
413 130 
589 956 
780 586 
71 503 
739 288 
82 192 
633 905 
824 476 
707 296 
539 865 
465 376 
116 710 
297 713 
281 625 
151 698 
94 561 
460 925 
382 490 
643 743 
898 270 
515 678 
991 250 
847 341 
983 551 
28 79 
383 352 
205 593 
450 496 
20 607 
76 439 
910 803 
816 560 
192 840 
891 390 
619 496 
48 254 
80 852 
315 697 
246 153 
194 478 
762 236 
706 291 
256 962 
302 852 
105 373 
100 337 
896 932 
11 973 
988 949 
964 649 
808 363 
994 274 
161 804 
214 98 
666 160 
797 233 
256 456 
551 419 
893 92 
733 576 
342 561 
924 934 
32 216 
707 235 
983 749 
953 820 
998 84 
73 67 
808 136 
891 893 
819 852 
267 505 
642 145 
843 156 
40 445 
315 655 
361 697 
916 177 
884 303 
846 445 
769 445 
804 153 
316 921 
326 925 
6 424 
606 354 
44 59 
108 378 
643 172 
722 307 
760 773 
180 724 
402 102 
864 949 
568 378 
684 662 
241 717 
768 585 
491 519 
44 337 
761 421 
834 882 
313 122 
222 173 
535 754 
470 168 
292 712 
641 840 
20 479 
972 336 
59 963 
393 114 
238 925 
932 400 
314 820 
259 609 
862 420 
617 925 
299 308 
542 519 
99 812 
237 6 
681 243 
5 750 
329 419 
613 369 
994 677 
21 229 
309 484 
510 36 
604 806 
567 894 
728 713 
512 732 
620 873 
542 607 
699 369 
85 596 
457 694 
144 72 
93 40 
545 699 
916 52 
896 235 
947 107 
100 120 
326 678 
237 177 
719 745 
222 422 
950 413 
885 570 
705 55 
731 580 
373 328 
195 701 
73 486 
394 516 
688 102 
882 818 
573 397 
594 558 
754 509 
168 288 
118 700 
272 600 
318 368 
285 818 
299 762 
957 653 
791 331 
968 752 
58 999 
290 13 
764 339 
540 338 
221 468 
567 780 
138 421 
69 658 
330 444 
559 196 
894 521 
660 125 
791 754 
533 625 
66 635 
993 918 
954 633 
207 605 
701 596 
391 262 
352 448 
783 883 
552 108 
291 735 
326 127 
281 845 
860 612 
604 369 
660 856 
161 289 
500 21 
803 869 
119 471 
88 75 
641 251 
760 922 
243 290 
849 560 
26 949 
35 889 
99 870 
257 16 
422 424 
843 883 
569 217 
131 933 
987 120 
767 983 
782 867 
86 810 
349 889 
501 370 
399 512 
22 601 
938 751 
371 212 
278 109 
314 934 
546 82 
653 576 
401 362 
56 595 
504 453 
253 503 
910 798 
640 726 
753 112 
132 837 
809 914 
872 97 
977 209 
498 417 
151 120 
600 835 
38 184 
73 342 
272 155 
137 10 
841 902 
94 695 
453 327 
505 806 
105 291 
834 131 
709 20 
371 465 
12 849 
98 999 
944 656 
718 59 
237 127 
591 547 
125 373 
647 707 
709 451 
954 99 
314 501 
1 475 
104 663 
538 84 
444 406 
438 198 
779 694 
392 748 
58 724 
49 582 
805 145 
867 970 
229 774 
732 212 
65 999 
480 765 
769 504 
535 424 
794 266 
374 168 
728 427 
43 437 
403 157 
834 504 
669 617 
0 26 
67 629 
518 838 
658 128 
574 835 
652 170 
542 635 
304 99 
556 774 
52 280 
721 445 
567 141 
643 934 
831 381 
978 471 
443 820 
881 888 
69 941 
32 796 
332 632 
916 347 
389 235 
264 516 
35 506 
859 11 
460 944 
782 380 
399 329 
794 267 
643 440 
904 422 
541 398 
88 781 
7 443 
529 301 
310 132 
368 797 
46 615 
672 779 
777 998 
603 486 
941 774 
380 71 
916 376 
1 870 
570 501 
531 982 
575 924 
919 212 
230 374 
839 301 
907 449 
954 403 
777 886 
238 126 
223 83 
620 865 
379 340 
88 359 
874 309 
367 434 
487 160 
620 754 
914 186 
631 563 
975 432 
828 270 
150 897 
119 584 
747 40 
309 300 
344 187 
346 479 
775 724 
456 38 
841 737 
719 630 
573 526 
576 262 
333 962 
359 681 
271 307 
913 635 
239 724 
969 865 
229 306 
589 445 
133 804 
452 47 
882 852 
270 378 
754 963 
282 862 
267 539 
919 565 
512 239 
491 455 
647 483 
782 28 
34 208 
215 77 
632 59 
559 491 
825 653 
988 259 
223 155 
915 280 
954 904 
159 537 
726 886 
179 750 
144 216 
441 226 
463 187 
606 612 
646 905 
547 663 
716 147 
380 644 
891 108 
874 520 
417 268 
784 913 
424 388 
335 713 
15 457 
398 445 
681 65 
540 801 
424 197 
658 187 
878 967 
311 866 
192 127 
818 401 
764 743 
956 149 
724 159 
116 464 
991 349 
281 301 
991 617 
753 408 
907 987 
744 726 
828 703 
571 852 
310 717 
929 672 
615 713 
567 415 
894 695 
939 952 
768 998 
926 999 
324 981 
771 390 
202 459 
935 445 
822 558 
304 814 
75 306 
317 898 
845 812 
384 60 
983 300 
343 778 
330 290 
907 402 
952 554 
169 266 
338 979 
433 838 
566 489 
391 786 
599 38 
122 490 
973 249 
897 432 
59 555 
618 509 
801 287 
791 949 
825 554 
263 378 
548 244 
161 930 
280 445 
417 331 
310 15 
344 65 
48 190 
683 332 
477 315 
635 519 
993 54 
258 601 
763 713 
332 930 
924 679 
72 949 
147 455 
168 264 
754 453 
918 835 
559 89 
701 154 
342 571 
155 163 
69 815 
133 26 
853 385 
434 538 
90 300 
534 886 
825 448 
723 172 
573 518 
539 145 
375 844 
537 630 
508 175 
344 226 
435 160 
644 185 
272 425 
707 354 
359 502 
734 708 
891 847 
52 187 
727 83 
752 870 
137 7 
265 651 
118 840 
207 563 
731 407 
982 634 
953 323 
709 771 
506 733 
464 439 
66 19 
156 107 
416 921 
773 764 
586 949 
525 112 
46 976 
381 554 
566 116 
581 650 
19 355 
509 397 
569 142 
72 436 
480 616 
33 538 
776 889 
968 879 
162 953 
512 855 
849 815 
498 560 
553 381 
741 440 
144 23 
831 262 
524 453 
688 41 
657 165 
37 923 
841 484 
568 419 
556 821 
262 999 
203 748 
485 372 
896 238 
209 21 
316 518 
469 405 
70 185 
305 146 
389 492 
132 886 
933 585 
643 407 
93 710 
828 650 
833 407 
540 82 
760 55 
241 519 
909 749 
542 514 
430 459 
928 515 
394 306 
126 609 
166 821 
800 503 
282 854 
46 999 
618 221 
647 116 
552 967 
457 60 
865 444 
255 117 
78 216 
665 466 
202 196 
188 215 
149 212 
676 915 
392 802 
400 935 
862 417 
12 445 
70 964 
947 110 
510 167 
335 279 
604 419 
647 554 
117 450 
944 31 
161 224 
775 646 
772 781 
657 245 
278 354 
752 409 
14 159 
84 588 
684 971 
375 97 
480 757 
28 327 
271 624 
665 132 
952 215 
725 134 
410 251 
300 988 
498 989 
722 960 
545 320 
906 948 
295 158 
274 470 
823 999 
873 57 
998 476 
195 817 
420 136 
606 169 
964 713 
548 12 
773 870 
872 774 
200 576 
683 17 
573 51 
96 503 
925 227 
809 653 
5 749 
933 471 
769 134 
858 445 
272 436 
8 617 
152 352 
93 824 
967 729 
4 111 
954 375 
123 201 
755 358 
586 337 
860 329 
951 704 
28 61 
242 935 
230 987 
187 370 
994 37 
862 867 
346 106 
727 726 
234 599 
921 668 
788 199 
305 934 
287 970 
302 18 
498 120 
809 675 
972 246 
216 774 
820 588 
540 413 
600 799 
122 73 
243 842 
433 446 
297 283 
178 635 
476 408 
347 696 
323 13 
126 999 
359 429 
720 487 
518 934 
866 377 
237 679 
596 445 
944 933 
74 714 
722 90 
847 599 
107 635 
143 694 
28 711 
48 852 
285 729 
813 113 
466 528 
209 471 
165 25 
559 229 
21 811 
966 427 
722 995 
644 197 
738 799 
277 289 
803 340 
778 909 
297 750 
162 50 
297 737 
481 573 
847 465 
980 363 
536 42 
267 886 
332 319 
558 364 
825 299 
567 557 
542 731 
969 933 
797 999 
467 830 
257 350 
559 459 
69 105 
857 879 
767 536 
639 422 
367 19 
981 138 
354 45 
245 413 
878 76 
878 350 
494 131 
928 325 
845 979 
723 653 
357 733 
850 622 
849 127 
508 605 
412 117 
486 102 
579 815 
76 852 
929 7 
195 552 
325 370 
712 601 
734 320 
677 901 
32 934 
586 508 
819 737 
913 902 
8 595 
286 473 
837 889 
515 488 
272 743 
181 609 
864 224 
801 506 
991 461 
578 617 
984 666 
700 597 
903 303 
981 243 
109 445 
213 114 
809 229 
622 175 
641 695 
778 907 
695 653 
786 445 
255 796 
813 187 
642 364 
69 635 
281 802 
257 858 
759 925 
947 21 
718 336 
515 42 
563 316 
375 602 
907 905 
821 384 
956 724 
993 370 
762 970 
665 99 
209 781 
307 932 
440 234 
633 472 
326 234 
897 740 
14 325 
330 585 
26 867 
272 576 
492 662 
170 336 
305 979 
991 570 
696 550 
267 778 
914 121 
785 823 
755 51 
323 505 
88 645 
83 405 
748 353 
79 933 
581 596 
360 170 
389 506 
793 40 
637 797 
253 970 
85 585 
557 80 
422 445 
331 927 
937 138 
213 242 
315 846 
397 290 
97 869 
929 698 
708 713 
926 554 
808 337 
328 999 
141 781 
967 585 
245 504 
250 522 
939 922 
421 516 
556 375 
956 970 
357 677 
544 479 
513 671 
204 275 
808 718 
221 447 
907 684 
402 435 
558 918 
87 647 
733 163 
830 397 
436 447 
31 844 
30 52 
679 638 
493 989 
821 60 
977 860 
44 527 
274 99 
880 156 
155 581 
90 328 
548 743 
769 609 
839 672 
534 623 
324 719 
449 370 
785 736 
384 654 
723 102 
371 7 
907 113 
304 250 
286 205 
294 274 
3 0 
394 721 
333 772 
879 724 
119 397 
151 171 
945 741 
752 963 
789 479 
95 79 
728 352 
579 328 
325 427 
697 395 
420 475 
163 83 
910 999 
539 377 
57 713 
68 943 
643 797 
221 235 
218 622 
990 139 
220 915 
250 52 
300 936 
984 999 
764 736 
978 103 
745 713 
433 658 
193 134 
5 680 
736 804 
813 264 
566 593 
203 323 
329 987 
876 802 
469 820 
45 967 
709 8 
419 275 
684 988 
929 78 
281 60 
548 59 
587 38 
814 505 
452 445 
699 445 
861 302 
750 57 
253 170 
679 999 
543 721 
67 440 
73 852 
382 752 
945 406 
331 40 
789 84 
347 756 
218 393 
544 889 
545 181 
938 673 
485 115 
895 801 
876 372 
9 813 
491 534 
232 775 
480 93 
664 157 
674 970 
344 805 
290 23 
63 704 
343 740 
212 57 
720 474 
483 865 
679 435 
756 258 
700 426 
551 617 
69 795 
567 529 
355 426 
796 844 
1 288 
655 306 
966 776 
438 992 
292 925 
14 135 
909 81 
854 672 
847 419 
393 320 
611 81 
581 672 
272 385 
522 735 
8 637 
807 31 
661 21 
931 47 
847 57 
821 293 
860 844 
403 633 
941 157 
180 540 
683 939 
677 450 
375 21 
957 503 
559 289 
244 863 
761 478 
839 713 
597 323 
369 934 
840 504 
974 359 
841 438 
456 598 
782 281 
825 391 
673 749 
244 913 
154 795 
728 149 
313 661 
155 590 
736 240 
440 121 
419 682 
95 224 
917 216 
810 675 
639 224 
282 849 
500 827 
44 303 
418 739 
322 678 
491 143 
557 869 
273 600 
70 31 
726 365 
294 851 
142 823 
24 91 
217 40 
134 870 
622 607 
705 299 
412 381 
649 412 
809 97 
510 267 
79 544 
746 351 
152 127 
801 134 
170 999 
640 213 
489 999 
62 743 
6 892 
643 732 
938 749 
677 853 
359 914 
300 867 
894 391 
264 924 
48 729 
755 34 
313 994 
741 496 
490 708 
489 280 
337 863 
475 503 
699 749 
6 956 
845 302 
742 169 
851 930 
938 450 
343 323 
125 302 
899 311 
978 463 
49 279 
99 859 
207 479 
931 316 
73 781 
827 409 
608 356 
171 728 
316 823 
575 225 
595 301 
869 616 
575 276 
68 606 
46 571 
332 185 
549 870 
76 383 
144 462 
71 149 
122 439 
358 240 
317 637 
155 958 
873 781 
712 869 
678 316 
372 378 
914 740 
95 327 
234 33 
594 473 
434 99 
251 924 
598 870 
629 378 
868 117 
860 120 
440 801 
311 444 
780 505 
914 959 
126 206 
186 768 
94 232 
154 93 
212 262 
430 142 
878 883 
968 912 
127 356 
318 714 
394 925 
489 0 
358 208 
309 290 
740 781 
138 262 
732 614 
10 960 
562 999 
98 445 
752 842 
966 790 
292 419 
860 27 
935 191 
340 486 
945 627 
308 320 
828 756 
937 336 
429 45 
529 95 
830 656 
862 836 
318 464 
854 591 
207 155 
679 409 
910 879 
865 571 
67 479 
996 597 
911 507 
340 105 
772 262 
709 302 
559 878 
347 307 
66 943 
19 812 
240 60 
162 264 
264 488 
281 883 
711 445 
335 999 
752 353 
858 397 
974 542 
67 452 
361 652 
98 336 
633 823 
0 400 
267 830 
785 173 
322 746 
253 309 
129 217 
657 414 
317 410 
933 408 
718 504 
367 64 
52 941 
898 531 
253 999 
723 200 
21 439 
506 889 
497 921 
708 388 
390 662 
408 405 
578 934 
748 766 
64 673 
575 75 
567 378 
792 780 
311 713 
87 198 
923 724 
787 743 
317 930 
849 897 
803 461 
58 439 
897 957 
484 128 
259 844 
650 963 
274 233 
115 999 
860 232 
561 225 
163 829 
312 252 
573 57 
906 648 
964 445 
760 522 
506 154 
293 284 
749 363 
133 110 
20 857 
791 882 
853 601 
21 336 
152 286 
311 23 
783 411 
25 4 
632 982 
165 149 
5 209 
414 983 
468 431 
17 685 
928 186 
29 249 
115 740 
326 21 
389 593 
784 534 
430 644 
491 700 
169 445 
818 213 
477 312 
659 188 
641 584 
410 329 
250 560 
241 3 
573 625 
676 259 
907 364 
97 781 
116 445 
587 484 
67 475 
689 407 
33 999 
792 524 
881 698 
818 462 
849 801 
506 159 
708 502 
626 800 
855 876 
234 445 
734 81 
66 741 
468 961 
394 5 
220 42 
286 593 
942 727 
212 499 
473 153 
134 710 
714 551 
693 258 
777 728 
481 120 
643 993 
123 952 
39 527 
349 145 
198 582 
360 795 
299 636 
154 605 
899 554 
902 999 
664 505 
603 584 
527 503 
971 697 
950 114 
722 844 
789 999 
288 134 
944 303 
255 934 
166 501 
176 337 
558 795 
984 193 
104 718 
744 323 
448 516 
579 702 
550 658 
117 77 
10 1 
769 905 
234 465 
792 623 
657 456 
994 596 
922 27 
891 445 
849 795 
481 115 
208 655 
613 445 
529 631 
661 564 
465 730 
501 999 
830 289 
87 304 
38 11 
70 412 
195 291 
681 445 
118 947 
14 888 
900 376 
644 329 
86 256 
122 142 
876 646 
978 110 
529 653 
827 436 
328 427 
595 395 
444 710 
252 301 
908 532 
474 714 
326 862 
643 943 
58 924 
166 263 
442 141 
151 639 
478 372 
212 514 
411 725 
580 993 
386 791 
879 306 
709 202 
132 531 
751 508 
501 227 
986 748 
209 289 
550 52 
322 279 
904 88 
267 47 
299 479 
48 531 
865 183 
118 818 
627 169 
46 326 
929 885 
10 313 
281 274 
424 31 
68 143 
45 96 
820 435 
944 651 
412 226 
873 671 
373 216 
8 801 
509 455 
787 906 
204 212 
624 672 
342 189 
944 786 
532 617 
411 656 
401 516 
674 979 
232 573 
124 419 
621 711 
449 471 
696 676 
446 476 
604 793 
76 362 
593 22 
893 630 
257 235 
949 445 
720 340 
113 247 
959 917 
443 187 
181 275 
508 668 
634 362 
546 999 
464 445 
775 965 
754 965 
94 713 
446 925 
678 798 
253 446 
357 819 
158 336 
778 114 
792 70 
331 724 
157 766 
81 593 
213 911 
728 970 
486 325 
741 198 
745 216 
267 626 
544 635 
731 972 
116 503 
952 836 
979 613 
756 704 
649 876 
162 910 
748 229 
554 206 
978 650 
615 113 
608 440 
152 735 
974 60 
782 460 
910 586 
564 905 
106 171 
299 388 
489 426 
307 484 
900 752 
238 650 
597 672 
472 949 
257 958 
631 895 
278 588 
274 996 
200 846 
813 438 
213 789 
874 216 
463 190 
535 471 
382 614 
522 964 
684 638 
896 124 
497 114 
776 999 
204 219 
905 303 
294 517 
435 713 
643 974 
644 748 
162 269 
640 406 
883 400 
755 650 
665 772 
699 443 
332 594 
637 627 
311 229 
174 57 
513 44 
611 373 
374 335 
74 800 
446 781 
490 636 
100 753 
580 818 
219 289 
870 458 
481 27 
19 72 
972 497 
39 889 
659 866 
809 735 
539 902 
213 377 
791 100 
620 617 
98 846 
626 998 
500 980 
164 935 
993 102 
663 743 
764 841 
665 421 
979 403 
337 183 
344 584 
933 805 
150 283 
705 57 
137 303 
216 617 
334 904 
303 61 
969 845 
895 999 
309 316 
869 445 
234 609 
618 752 
898 200 
976 406 
621 112 
841 216 
695 84 
644 341 
814 967 
640 653 
628 592 
358 52 
878 658 
321 240 
696 610 
645 758 
602 667 
457 781 
878 334 
263 351 
30 77 
696 40 
485 746 
964 740 
357 381 
882 445 
407 934 
883 145 
881 337 
358 506 
237 189 
878 209 
715 635 
162 51 
771 696 
5 172 
625 4 
677 590 
769 136 
430 762 
917 653 
787 470 
237 685 
939 864 
641 66 
642 139 
255 159 
841 11 
964 870 
672 182 
259 199 
717 282 
12 71 
309 905 
531 959 
835 55 
734 470 
273 233 
808 920 
104 69 
875 401 
712 823 
214 42 
15 79 
240 323 
568 45 
68 245 
777 348 
565 518 
572 983 
721 646 
868 533 
621 302 
46 25 
506 439 
575 672 
512 724 
360 840 
16 181 
417 775 
784 371 
418 601 
124 179 
410 315 
489 161 
606 633 
263 259 
65 217 
294 891 
941 998 
130 537 
312 71 
774 970 
761 883 
853 960 
216 503 
769 434 
860 186 
146 405 
865 371 
986 633 
828 392 
228 419 
123 724 
415 939 
109 227 
688 426 
379 700 
317 65 
833 482 
703 951 
474 505 
159 514 
155 38 
803 507 
984 776 
992 733 
113 752 
586 47 
352 436 
314 493 
363 982 
166 752 
319 698 
45 461 
404 629 
379 555 
788 833 
987 13 
83 302 
721 259 
587 336 
959 781 
394 447 
836 261 
523 136 
564 554 
271 647 
773 454 
35 650 
841 33 
428 328 
94 712 
792 445 
199 628 
309 994 
857 446 
221 431 
257 679 
459 917 
907 462 
218 840 
331 57 
731 481 
706 73 
346 240 
398 685 
5 265 
934 445 
256 464 
954 821 
402 453 
753 450 
48 734 
108 516 
882 481 
211 300 
331 91 
658 557 
729 819 
969 389 
840 711 
861 442 
642 343 
86 675 
966 370 
986 372 
373 436 
823 967 
543 358 
622 356 
856 503 
804 298 
897 536 
174 903 
834 429 
310 595 
546 170 
461 75 
596 157 
513 657 
133 617 
897 613 
660 158 
73 765 
162 134 
309 589 
338 552 
843 294 
787 339 
183 289 
275 713 
691 576 
706 31 
346 162 
201 36 
654 36 
626 273 
919 40 
833 751 
427 208 
75 387 
273 450 
257 229 
214 328 
463 737 
981 671 
621 724 
237 911 
720 833 
567 14 
323 476 
643 512 
88 223 
424 936 
543 104 
87 175 
719 901 
841 865 
903 508 
140 120 
707 50 
660 222 
475 356 
310 806 
469 481 
980 40 
860 762 
856 246 
679 728 
823 762 
144 464 
882 847 
714 854 
205 445 
691 58 
897 109 
976 835 
952 948 
59 112 
871 290 
87 765 
701 0 
133 719 
253 976 
366 786 
114 635 
742 182 
15 330 
617 445 
607 682 
993 823 
204 866 
937 51 
74 527 
747 323 
317 156 
124 856 
931 220 
254 258 
270 439 
59 110 
416 803 
322 60 
960 466 
791 47 
318 890 
888 425 
604 288 
850 453 
2 695 
139 935 
430 737 
175 999 
424 372 
357 289 
928 461 
763 633 
709 695 
334 920 
175 852 
870 713 
646 336 
986 454 
220 677 
288 170 
232 22 
181 164 
95 921 
332 336 
473 408 
82 611 
578 350 
106 492 
771 76 
578 666 
832 874 
602 852 
816 59 
664 639 
631 241 
734 816 
839 445 
153 656 
593 867 
690 227 
794 852 
660 423 
308 754 
205 865 
211 36 
849 427 
150 588 
631 606 
348 564 
298 713 
275 40 
298 819 
906 454 
325 153 
33 475 
19 989 
399 2 
397 284 
434 528 
380 778 
812 184 
920 836 
241 153 
814 930 
94 503 
945 73 
394 468 
798 156 
638 26 
771 828 
221 913 
228 965 
271 84 
534 929 
543 825 
477 936 
755 168 
743 31 
931 845 
114 470 
816 996 
968 216 
909 593 
602 740 
93 175 
723 445 
991 819 
480 775 
734 893 
834 60 
338 184 
881 989 
825 60 
933 601 
843 286 
665 3 
788 109 
296 740 
689 170 
564 60 
462 279 
800 859 
898 795 
812 999 
569 60 
736 713 
664 237 
334 964 
566 45 
118 329 
783 16 
152 965 
425 393 
120 797 
438 777 
644 350 
494 287 
438 451 
967 400 
893 276 
294 428 
98 437 
184 652 
747 922 
292 144 
970 521 
726 21 
386 224 
950 385 
873 445 
555 439 
77 995 
652 172 
661 330 
394 968 
895 777 
30 831 
729 817 
382 953 
86 601 
373 27 
383 436 
15 74 
872 392 
464 745 
772 999 
697 934 
850 200 
141 78 
152 770 
931 323 
391 417 
106 42 
802 422 
647 866 
90 284 
816 107 
385 328 
340 586 
193 960 
68 382 
763 457 
916 969 
782 39 
709 670 
698 890 
686 671 
612 697 
150 493 
828 366 
919 21 
849 713 
556 798 
213 289 
945 17 
873 934 
938 379 
85 394 
665 981 
165 390 
508 743 
74 675 
522 84 
662 875 
221 261 
374 487 
469 234 
862 449 
807 375 
707 219 
720 466 
860 668 
744 435 
2 723 
556 41 
637 916 
123 748 
85 153 
414 442 
518 404 
498 744 
604 827 
543 999 
683 624 
85 342 
716 263 
681 370 
317 810 
237 229 
920 97 
69 810 
975 516 
808 86 
751 21 
581 740 
3 258 
777 431 
73 134 
587 622 
100 330 
773 716 
807 769 
391 508 
359 689 
701 571 
158 279 
816 963 
957 187 
76 932 
769 436 
286 451 
235 679 
755 43 
109 555 
30 508 
778 880 
717 100 
744 758 
744 15 
188 779 
120 911 
931 925 
106 408 
542 501 
144 184 
989 829 
125 17 
600 795 
240 261 
664 372 
871 635 
465 235 
676 746 
819 607 
742 781 
283 157 
148 295 
109 746 
908 519 
420 45 
59 852 
589 370 
35 1 
581 175 
381 912 
391 92 
25 273 
12 40 
503 488 
377 501 
214 713 
923 678 
568 396 
349 372 
255 284 
203 808 
430 707 
287 147 
626 766 
263 719 
423 946 
650 60 
166 693 
211 423 
27 554 
994 49 
611 781 
147 946 
699 915 
610 185 
706 602 
440 635 
651 811 
249 912 
717 353 
66 224 
931 343 
146 19 
603 973 
418 944 
924 445 
845 370 
562 57 
366 80 
581 212 
144 854 
816 445 
524 289 
301 327 
69 45 
166 37 
781 999 
827 159 
319 417 
767 776 
116 16 
769 652 
993 471 
778 918 
683 389 
747 576 
497 679 
75 836 
928 509 
874 613 
954 322 
262 844 
574 739 
72 260 
689 834 
822 540 
626 84 
498 431 
243 102 
787 114 
887 534 
256 654 
382 505 
991 500 
536 924 
825 909 
542 809 
205 451 
122 984 
529 750 
548 933 
194 525 
598 724 
394 624 
834 51 
493 128 
203 122 
696 483 
727 822 
230 551 
759 109 
286 786 
317 445 
731 665 
370 145 
524 823 
364 742 
8 753 
994 600 
712 108 
271 330 
932 476 
311 49 
162 918 
176 129 
56 554 
540 336 
28 840 
495 814 
548 263 
648 445 
93 653 
489 539 
579 516 
222 806 
899 613 
237 106 
225 847 
342 582 
438 274 
209 484 
782 537 
618 207 
285 301 
45 595 
199 470 
903 225 
137 664 
319 378 
493 647 
118 941 
373 506 
882 228 
171 190 
107 509 
800 397 
814 668 
976 481 
192 168 
787 837 
778 445 
227 34 
756 55 
855 181 
469 584 
962 516 
435 451 
764 400 
373 521 
895 371 
882 551 
871 886 
297 803 
349 636 
632 7 
752 951 
720 431 
843 925 
87 220 
223 700 
205 766 
197 581 
102 869 
200 796 
469 672 
140 852 
3 352 
785 425 
353 277 
857 433 
412 239 
100 77 
864 155 
709 710 
907 412 
898 154 
433 501 
916 72 
145 766 
396 867 
771 652 
723 110 
532 185 
310 844 
744 441 
367 2 
784 710 
896 25 
274 213 
865 525 
548 657 
38 242 
193 508 
893 331 
213 212 
556 748 
359 138 
272 593 
334 341 
991 646 
701 436 
425 184 
487 982 
230 536 
334 777 
166 966 
905 439 
418 426 
251 528 
177 239 
540 868 
218 445 
995 651 
697 65 
116 349 
286 104 
867 445 
535 897 
69 800 
637 398 
76 712 
94 445 
368 147 
360 108 
269 519 
789 601 
287 336 
978 400 
317 26 
399 875 
132 953 
211 845 
204 17 
192 724 
467 449 
313 218 
787 51 
807 686 
687 617 
398 460 
890 21 
490 397 
41 345 
213 482 
752 677 
425 740 
932 7 
308 60 
674 584 
62 934 
540 964 
856 258 
677 226 
344 423 
12 401 
923 685 
270 121 
445 445 
601 940 
512 658 
678 989 
646 852 
318 809 
296 171 
78 682 
556 474 
309 239 
489 821 
393 445 
545 398 
728 40 
661 40 
142 121 
151 778 
267 666 
171 379 
375 584 
274 503 
571 40 
172 627 
65 758 
238 837 
209 820 
46 235 
761 778 
414 188 
418 53 
299 798 
962 391 
464 366 
221 573 
448 740 
892 40 
272 527 
434 204 
750 795 
159 327 
872 136 
142 27 
2 3 
558 600 
780 358 
70 59 
39 966 
992 206 
866 913 
175 601 
850 873 
738 149 
431 584 
8 397 
171 999 
941 428 
707 259 
534 149 
70 666 
715 7 
657 579 
483 45 
482 341 
639 19 
226 737 
118 309 
192 734 
501 427 
297 21 
456 925 
417 917 
463 176 
304 14 
392 745 
3 700 
754 743 
434 484 
351 940 
851 117 
637 753 
684 489 
430 352 
536 901 
70 261 
808 996 
565 854 
626 220 
176 195 
532 80 
274 650 
345 667 
920 29 
439 617 
879 353 
858 185 
150 741 
515 418 
179 743 
872 263 
975 740 
571 41 
695 266 
493 605 
957 999 
629 516 
434 624 
531 666 
956 120 
125 294 
274 501 
910 582 
430 60 
988 708 
643 908 
338 208 
357 592 
510 613 
827 581 
63 309 
788 262 
335 654 
920 210 
661 685 
137 794 
116 550 
942 802 
821 45 
521 999 
715 192 
295 261 
477 279 
217 616 
945 957 
939 849 
558 901 
855 24 
952 630 
512 153 
688 194 
441 445 
620 210 
929 614 
44 127 
765 909 
21 328 
106 396 
714 526 
342 828 
16 911 
163 837 
442 925 
404 960 
435 999 
957 602 
250 554 
662 746 
625 164 
727 806 
738 293 
209 163 
767 652 
164 758 
299 833 
566 717 
498 820 
696 724 
945 923 
357 972 
547 927 
508 753 
711 593 
905 336 
380 635 
285 652 
285 976 
568 700 
50 774 
622 443 
129 51 
572 684 
373 728 
20 883 
695 445 
162 142 
591 770 
908 31 
212 852 
332 355 
139 113 
568 562 
618 529 
291 852 
599 117 
411 471 
294 28 
787 534 
477 934 
847 392 
232 385 
35 597 
315 815 
334 547 
541 989 
137 344 
369 790 
366 489 
241 115 
323 183 
733 231 
221 420 
50 355 
771 212 
484 695 
472 552 
467 839 
493 816 
781 445 
463 521 
471 656 
422 261 
62 209 
304 852 
606 11 
769 839 
741 823 
269 553 
683 158 
318 11 
970 528 
48 971 
283 729 
98 749 
267 581 
239 75 
575 533 
853 988 
67 944 
994 779 
161 835 
919 603 
30 577 
107 238 
296 770 
846 336 
121 655 
135 749 
952 329 
559 625 
873 75 
932 979 
706 555 
195 410 
41 730 
86 742 
850 393 
9 600 
561 528 
603 823 
72 630 
706 140 
28 852 
706 213 
722 330 
173 40 
607 694 
147 745 
658 505 
53 121 
84 537 
368 801 
777 913 
170 859 
744 38 
710 740 
637 213 
534 999 
881 786 
195 832 
350 900 
774 436 
977 695 
305 775 
903 169 
412 316 
69 209 
693 205 
355 159 
581 713 
795 585 
812 889 
611 793 
366 441 
974 373 
205 526 
424 959 
455 121 
467 845 
913 447 
934 408 
118 784 
599 571 
471 409 
47 953 
269 66 
285 852 
578 570 
303 713 
362 614 
853 852 
966 245 
399 919 
172 636 
162 989 
604 185 
151 748 
301 776 
566 812 
63 584 
211 704 
854 129 
444 320 
666 356 
968 26 
282 350 
132 869 
137 550 
198 242 
230 425 
389 988 
663 134 
895 393 
35 129 
434 337 
752 445 
480 801 
41 369 
631 44 
834 48 
708 439 
570 650 
237 383 
493 713 
584 607 
389 293 
498 445 
273 38 
106 520 
60 790 
82 174 
218 331 
311 236 
803 77 
750 185 
974 153 
990 909 
577 421 
741 181 
486 11 
318 849 
997 454 
863 601 
671 227 
449 417 
62 258 
559 849 
94 348 
494 543 
87 660 
190 788 
137 810 
874 869 
664 173 
441 503 
81 525 
223 443 
267 721 
986 637 
794 931 
538 57 
410 52 
241 124 
216 445 
705 794 
657 626 
907 434 
264 331 
344 891 
623 126 
25 568 
750 999 
674 88 
358 381 
639 103 
797 970 
299 934 
725 542 
649 685 
631 56 
239 793 
360 554 
571 231 
596 455 
920 728 
997 241 
906 274 
681 75 
633 172 
296 518 
257 898 
192 323 
219 862 
754 445 
424 679 
76 355 
417 639 
388 613 
642 657 
529 965 
768 917 
103 790 
191 863 
861 844 
685 927 
879 573 
256 405 
118 84 
166 196 
594 720 
313 939 
751 823 
180 872 
271 284 
968 348 
324 869 
321 18 
180 845 
715 216 
466 363 
735 482 
220 959 
872 336 
744 803 
979 445 
723 331 
552 427 
253 445 
878 380 
664 846 
575 936 
718 724 
938 676 
364 821 
579 672 
235 946 
659 319 
415 841 
644 694 
971 814 
513 335 
983 521 
669 365 
230 933 
299 423 
753 352 
990 481 
731 950 
513 834 
273 499 
962 666 
822 138 
543 205 
573 445 
696 273 
979 170 
269 870 
759 461 
676 670 
459 585 
482 796 
746 703 
138 924 
985 445 
997 147 
777 951 
455 451 
514 128 
717 555 
401 686 
106 560 
833 234 
562 750 
77 852 
782 915 
681 988 
158 224 
735 596 
878 834 
755 227 
238 852 
255 500 
744 209 
978 875 
186 724 
895 274 
95 871 
734 656 
391 830 
802 295 
963 902 
203 926 
866 235 
510 379 
332 906 
260 23 
621 267 
540 809 
99 936 
751 309 
401 194 
566 699 
683 329 
477 149 
139 909 
665 673 
852 749 
0 953 
150 57 
176 925 
736 248 
251 279 
725 722 
717 625 
62 987 
133 762 
181 936 
73 917 
46 315 
758 507 
938 74 
50 337 
555 157 
200 445 
531 781 
878 21 
994 785 
896 913 
451 749 
433 864 
511 77 
335 846 
318 7 
872 811 
369 852 
522 901 
307 348 
87 83 
83 687 
211 909 
939 644 
969 906 
500 203 
862 424 
372 57 
314 774 
144 999 
415 217 
50 277 
832 993 
986 844 
546 216 
988 886 
527 50 
245 953 
198 240 
999 445 
950 599 
137 950 
579 504 
972 577 
158 776 
434 902 
253 475 
140 845 
148 614 
93 224 
446 391 
952 458 
769 448 
401 432 
923 127 
155 999 
296 964 
683 27 
657 504 
398 697 
162 644 
606 652 
711 902 
85 748 
134 435 
299 751 
865 999 
272 761 
843 812 
253 947 
587 317 
736 800 
899 43 
594 757 
641 79 
810 36 
202 462 
285 922 
606 875 
515 219 
77 289 
993 341 
736 866 
125 197 
665 743 
546 102 
312 565 
881 835 
544 703 
778 947 
173 955 
180 573 
9 344 
665 303 
856 943 
255 18 
453 826 
380 32 
173 499 
35 126 
868 496 
86 12 
810 428 
358 762 
881 565 
735 835 
777 844 
626 211 
165 2 
56 503 
836 710 
244 209 
195 126 
176 667 
10 408 
324 307 
303 670 
649 591 
827 308 
608 930 
693 373 
708 596 
541 127 
971 65 
938 959 
381 750 
599 163 
229 378 
926 159 
678 441 
220 330 
347 990 
259 488 
634 409 
566 230 
569 445 
792 207 
966 94 
470 688 
725 279 
871 79 
325 242 
506 369 
594 177 
390 538 
911 673 
411 760 
142 21 
926 990 
286 184 
772 818 
319 323 
421 679 
104 337 
515 534 
272 31 
902 60 
980 60 
840 746 
339 735 
761 472 
211 710 
313 407 
969 211 
497 629 
349 455 
999 592 
309 291 
577 616 
684 927 
945 822 
782 949 
545 202 
801 868 
550 996 
291 419 
598 80 
586 805 
68 459 
228 109 
393 522 
579 726 
732 793 
761 549 
440 450 
6 522 
319 907 
747 673 
420 50 
663 796 
508 570 
27 153 
861 601 
919 161 
97 712 
298 588 
187 634 
412 384 
637 950 
7 970 
539 682 
961 724 
773 328 
582 524 
552 629 
919 819 
619 518 
510 229 
878 648 
165 781 
572 205 
79 617 
894 948 
62 44 
775 335 
994 445 
893 935 
6 574 
513 899 
397 554 
481 408 
162 235 
337 84 
529 254 
942 63 
239 445 
784 445 
540 686 
233 408 
176 855 
834 809 
243 746 
201 266 
959 776 
161 826 
823 217 
556 51 
107 138 
443 738 
822 123 
86 31 
446 910 
565 479 
640 930 
255 875 
186 563 
269 898 
244 30 
808 142 
618 874 
567 267 
213 59 
767 31 
299 264 
344 164 
294 216 
410 364 
533 107 
72 452 
8 208 
95 170 
726 251 
792 369 
446 639 
835 852 
59 155 
913 121 
883 15 
933 164 
204 865 
546 174 
910 881 
786 301 
340 175 
156 728 
657 859 
543 380 
994 497 
710 852 
674 592 
326 672 
170 617 
379 201 
862 184 
845 776 
82 492 
452 564 
858 626 
926 194 
761 962 
880 591 
274 187 
151 28 
203 252 
529 290 
543 365 
30 404 
598 550 
484 658 
299 289 
212 930 
968 828 
696 163 
389 336 
977 265 
705 445 
339 291 
463 140 
305 847 
666 799 
508 958 
971 470 
162 509 
404 957 
744 740 
394 445 
798 25 
881 520 
922 590 
260 852 
8 946 
32 249 
161 786 
192 728 
993 114 
5 536 
853 27 
527 186 
162 748 
780 724 
600 448 
742 650 
202 724 
500 569 
641 710 
373 917 
366 105 
258 946 
383 996 
623 854 
921 485 
665 389 
604 688 
637 436 
718 925 
359 495 
578 720 
71 164 
124 584 
928 105 
739 851 
456 270 
146 47 
287 290 
575 614 
863 98 
486 243 
163 697 
908 7 
969 375 
580 161 
332 472 
631 886 
174 54 
434 353 
201 987 
576 848 
29 395 
974 142 
679 713 
364 444 
415 192 
354 981 
822 821 
339 120 
565 863 
399 325 
745 999 
723 440 
67 258 
277 585 
714 275 
986 155 
104 272 
903 532 
485 776 
591 445 
733 185 
366 397 
382 479 
469 582 
585 40 
198 65 
641 797 
947 573 
218 729 
721 861 
62 543 
260 838 
529 558 
63 950 
259 925 
689 132 
751 788 
575 488 
127 169 
875 352 
566 878 
278 51 
887 938 
964 395 
742 924 
188 768 
430 905 
979 740 
981 700 
90 416 
529 954 
39 250 
785 905 
873 889 
548 498 
760 63 
698 465 
415 393 
6 570 
990 395 
556 316 
258 636 
625 634 
998 60 
611 552 
543 612 
425 216 
67 726 
12 831 
606 523 
212 779 
67 795 
269 444 
466 436 
298 115 
897 79 
902 327 
202 656 
762 284 
484 189 
153 77 
38 863 
772 524 
263 537 
510 568 
344 989 
765 388 
446 427 
512 801 
125 697 
275 47 
207 999 
125 198 
878 551 
30 204 
623 728 
841 832 
850 89 
300 601 
126 266 
131 18 
532 445 
88 937 
285 354 
393 999 
20 762 
256 946 
402 164 
942 398 
885 577 
942 601 
120 488 
883 74 
696 99 
237 920 
429 999 
580 254 
930 40 
818 551 
561 98 
101 670 
716 802 
904 860 
653 479 
359 460 
158 335 
305 840 
304 825 
158 404 
723 186 
170 925 
179 666 
599 175 
247 917 
683 422 
780 372 
958 629 
380 375 
923 591 
464 247 
484 632 
82 251 
558 26 
748 821 
659 254 
318 694 
180 763 
41 413 
578 691 
481 254 
254 511 
460 663 
533 967 
222 576 
764 962 
32 967 
825 531 
291 560 
900 852 
874 863 
571 774 
903 139 
6 221 
318 892 
894 264 
67 710 
727 844 
996 277 
175 117 
831 120 
928 922 
831 868 
908 453 
657 364 
734 32 
928 964 
449 445 
781 387 
448 336 
380 959 
950 27 
765 926 
626 24 
944 194 
600 435 
914 328 
410 289 
412 265 
880 561 
598 301 
751 793 
805 555 
747 220 
94 498 
963 859 
364 80 
717 779 
310 661 
769 793 
896 406 
700 110 
14 370 
163 531 
19 444 
698 525 
206 940 
805 103 
880 992 
508 560 
862 481 
660 619 
947 209 
252 530 
914 426 
818 409 
458 426 
446 290 
638 276 
551 576 
252 934 
217 13 
436 583 
264 688 
200 153 
224 235 
752 93 
893 801 
133 369 
129 591 
715 4 
341 331 
910 970 
918 663 
17 906 
529 53 
407 341 
956 138 
632 672 
903 774 
171 232 
957 212 
717 648 
919 733 
398 851 
569 582 
448 170 
858 484 
832 630 
446 23 
372 306 
939 471 
342 1 
553 812 
157 999 
231 471 
917 999 
255 356 
615 732 
534 776 
706 121 
790 912 
42 936 
493 604 
693 400 
720 787 
980 632 
419 351 
419 710 
561 119 
510 749 
319 77 
354 413 
900 509 
248 169 
234 431 
681 424 
919 906 
262 666 
358 337 
434 381 
756 999 
257 150 
417 806 
941 397 
86 693 
14 539 
525 475 
115 60 
418 16 
348 161 
8 230 
430 21 
769 680 
33 967 
923 740 
699 597 
463 713 
762 328 
722 597 
788 217 
992 911 
586 538 
684 527 
304 333 
887 701 
883 672 
390 934 
41 774 
250 579 
374 177 
736 60 
253 661 
529 689 
102 811 
176 879 
858 781 
12 983 
516 246 
238 525 
816 655 
143 172 
761 745 
994 798 
319 476 
221 852 
207 542 
610 413 
968 601 
934 206 
158 768 
831 370 
755 664 
544 601 
594 901 
513 951 
539 666 
355 98 
230 850 
541 391 
192 440 
968 706 
991 445 
541 63 
491 820 
42 400 
21 672 
357 785 
822 551 
221 139 
420 458 
997 341 
12 127 
534 514 
715 917 
398 803 
992 338 
196 35 
87 257 
592 588 
58 557 
712 216 
980 601 
929 126 
379 971 
75 537 
706 255 
401 445 
9 938 
988 740 
576 710 
8 427 
102 445 
490 370 
760 686 
402 863 
931 614 
176 84 
644 930 
202 802 
983 728 
350 445 
801 820 
109 622 
660 256 
153 634 
210 155 
204 21 
418 536 
137 276 
8 53 
162 352 
747 315 
642 794 
847 351 
57 426 
722 464 
221 694 
639 21 
814 901 
446 366 
649 875 
485 650 
411 357 
712 552 
612 570 
857 426 
903 97 
392 291 
536 52 
363 521 
729 999 
958 694 
234 291 
808 720 
578 27 
428 570 
137 445 
659 711 
275 167 
918 155 
587 243 
533 298 
340 482 
276 590 
99 18 
205 84 
880 241 
552 802 
9 975 
384 629 
696 840 
701 934 
319 724 
39 175 
477 168 
529 223 
847 564 
971 544 
67 653 
342 269 
783 445 
230 260 
385 749 
527 154 
150 157 
267 999 
686 789 
469 664 
534 366 
652 445 
985 21 
693 403 
452 495 
493 925 
897 38 
214 586 
230 510 
563 558 
739 45 
811 60 
32 627 
782 95 
768 789 
572 752 
262 249 
682 336 
795 673 
956 408 
945 59 
746 629 
718 499 
789 217 
332 324 
901 453 
286 960 
653 363 
94 999 
918 592 
918 648 
52 455 
567 391 
113 13 
818 33 
549 921 
300 197 
314 798 
412 528 
341 445 
550 531 
716 955 
731 542 
854 774 
767 202 
39 133 
607 713 
813 339 
709 498 
132 264 
776 817 
700 437 
492 781 
271 749 
892 453 
751 693 
676 172 
760 272 
271 776 
541 336 
676 998 
344 985 
72 502 
691 552 
897 869 
144 540 
226 961 
189 164 
94 765 
465 739 
627 607 
100 418 
899 474 
491 593 
337 248 
291 40 
66 673 
8 445 
545 934 
975 114 
213 627 
816 449 
773 959 
513 809 
711 1 
665 37 
107 247 
380 678 
997 407 
146 869 
606 491 
641 909 
338 673 
368 461 
757 634 
863 799 
759 264 
272 734 
442 311 
950 444 
862 753 
307 378 
696 337 
193 184 
700 501 
612 302 
937 450 
417 614 
988 361 
505 846 
648 4 
965 999 
221 413 
299 841 
205 553 
62 302 
780 791 
586 596 
677 260 
500 867 
899 209 
307 915 
2 126 
133 112 
318 684 
647 272 
992 570 
790 328 
833 656 
777 51 
381 636 
335 695 
807 641 
541 993 
658 885 
992 36 
525 448 
833 740 
770 692 
818 603 
85 826 
572 710 
547 970 
401 27 
213 471 
430 392 
125 374 
482 370 
357 716 
547 289 
313 675 
25 135 
319 788 
176 470 
136 408 
152 194 
578 724 
751 32 
725 884 
439 229 
20 120 
547 654 
490 311 
609 695 
401 124 
896 245 
939 462 
717 471 
580 564 
490 21 
366 376 
470 729 
131 946 
412 980 
902 836 
202 115 
219 826 
535 130 
715 856 
893 588 
773 209 
207 174 
289 451 
250 749 
234 448 
753 139 
333 382 
769 417 
937 139 
915 170 
100 557 
926 107 
344 147 
966 841 
490 234 
719 627 
760 108 
632 749 
707 929 
994 388 
489 336 
59 77 
84 170 
334 133 
814 519 
891 19 
512 959 
868 206 
570 852 
746 108 
393 99 
773 745 
446 445 
342 229 
299 295 
371 818 
249 445 
625 805 
752 636 
48 336 
26 851 
417 423 
914 198 
177 278 
56 541 
784 796 
665 790 
522 601 
635 820 
379 983 
879 174 
522 868 
491 445 
534 457 
939 582 
88 36 
62 285 
459 184 
904 18 
684 603 
686 167 
247 421 
631 585 
315 445 
653 915 
491 999 
344 801 
808 833 
51 445 
976 713 
380 229 
309 666 
575 552 
466 713 
933 890 
176 294 
137 330 
999 365 
109 812 
415 833 
240 216 
854 31 
612 949 
301 445 
926 33 
148 588 
15 45 
619 1 
76 732 
527 84 
807 311 
297 716 
682 675 
945 795 
938 285 
118 674 
624 805 
617 145 
360 995 
990 875 
144 549 
639 710 
712 757 
971 593 
608 240 
508 134 
82 999 
855 184 
643 835 
578 222 
795 982 
252 42 
809 518 
158 519 
386 95 
88 65 
718 385 
366 17 
881 426 
794 132 
250 140 
845 740 
864 505 
799 692 
892 406 
555 682 
360 560 
475 601 
104 336 
771 922 
559 541 
371 249 
593 602 
68 424 
339 728 
809 276 
324 582 
809 685 
778 328 
566 925 
236 249 
133 287 
464 223 
311 724 
436 943 
148 668 
727 119 
381 921 
586 523 
344 326 
660 333 
156 423 
932 235 
429 629 
680 24 
367 671 
580 996 
969 445 
358 132 
56 17 
580 422 
966 408 
727 310 
605 143 
338 735 
984 876 
56 882 
122 798 
960 224 
773 53 
631 728 
42 523 
374 347 
621 717 
612 360 
644 497 
395 301 
883 740 
233 80 
144 693 
146 132 
12 264 
148 893 
722 316 
950 852 
292 967 
356 369 
86 872 
612 427 
104 185 
615 408 
283 689 
598 395 
777 960 
155 181 
402 983 
916 263 
536 675 
689 40 
919 588 
828 775 
867 544 
191 961 
205 213 
563 141 
351 627 
720 752 
622 179 
716 549 
50 836 
219 934 
707 13 
111 728 
643 985 
938 697 
118 544 
727 679 
70 969 
841 176 
72 536 
278 530 
59 445 
330 424 
132 470 
535 81 
986 479 
193 214 
264 852 
895 944 
296 42 
620 179 
364 713 
570 216 
477 320 
186 372 
598 119 
688 867 
921 819 
88 180 
59 713 
983 71 
323 408 
868 544 
707 701 
741 840 
410 19 
823 503 
357 445 
249 601 
784 251 
582 445 
706 57 
260 33 
508 457 
711 449 
58 345 
415 77 
79 844 
895 893 
195 976 
952 400 
229 989 
491 941 
675 961 
991 999 
319 293 
117 413 
324 393 
346 645 
553 461 
203 172 
942 884 
393 156 
836 982 
548 650 
82 772 
459 168 
390 147 
66 471 
318 994 
202 697 
572 53 
241 867 
167 454 
600 23 
112 738 
51 452 
70 930 
329 445 
706 796 
542 749 
717 613 
483 713 
612 445 
709 755 
285 762 
314 300 
366 289 
540 562 
107 105 
549 881 
975 47 
812 729 
483 47 
822 651 
689 571 
81 423 
759 490 
339 797 
707 499 
247 742 
44 444 
389 264 
907 495 
210 90 
86 287 
367 470 
914 438 
106 115 
822 487 
440 630 
929 867 
123 332 
647 568 
737 672 
612 320 
380 953 
219 526 
489 370 
713 537 
760 287 
643 194 
466 738 
599 793 
676 708 
695 668 
132 441 
399 738 
290 461 
108 89 
489 240 
887 137 
907 557 
536 877 
867 829 
220 351 
351 654 
564 829 
176 135 
5 695 
379 27 
3 753 
180 944 
927 826 
166 748 
498 438 
491 298 
618 38 
380 508 
542 568 
410 79 
604 441 
118 627 
104 408 
230 315 
508 917 
49 302 
354 698 
78 746 
693 610 
476 60 
297 843 
532 365 
138 249 
494 658 
305 155 
965 178 
545 738 
849 982 
180 445 
883 70 
48 496 
570 445 
984 183 
981 574 
81 901 
155 236 
571 328 
133 270 
428 240 
723 54 
460 582 
232 672 
366 495 
926 91 
446 541 
532 633 
494 622 
672 702 
290 953 
760 876 
567 884 
805 280 
533 924 
252 320 
51 168 
285 595 
642 920 
324 666 
386 427 
5 459 
414 741 
980 19 
681 634 
195 965 
320 327 
739 427 
780 264 
894 787 
770 501 
431 259 
287 913 
290 40 
338 390 
867 999 
48 837 
647 514 
371 724 
858 867 
41 949 
923 38 
626 482 
491 895 
838 999 
357 693 
190 353 
978 796 
56 374 
46 92 
118 430 
316 388 
604 661 
536 445 
978 21 
923 553 
313 934 
941 487 
706 314 
433 565 
508 814 
247 975 
741 270 
943 877 
652 749 
310 245 
496 206 
137 158 
79 300 
467 791 
548 79 
104 885 
625 795 
296 478 
535 40 
748 0 
962 195 
896 98 
370 844 
330 819 
956 929 
463 456 
840 108 
87 245 
570 934 
908 358 
312 747 
666 935 
104 741 
508 330 
881 994 
433 852 
709 985 
969 598 
807 559 
132 838 
660 600 
786 40 
31 13 
210 696 
181 999 
543 585 
309 564 
546 513 
58 141 
53 560 
720 214 
660 732 
146 639 
295 750 
784 194 
88 855 
383 957 
305 279 
141 672 
731 157 
123 477 
308 901 
86 445 
545 922 
691 569 
896 762 
137 66 
398 223 
854 967 
843 99 
299 218 
367 770 
50 427 
139 867 
903 844 
253 770 
835 867 
467 509 
424 75 
716 678 
698 609 
349 470 
220 26 
10 957 
51 609 
629 927 
429 113 
390 252 
78 713 
109 932 
202 859 
789 160 
414 384 
944 906 
196 13 
720 165 
64 336 
988 80 
378 911 
325 0 
326 716 
934 911 
643 103 
265 699 
490 64 
500 488 
882 775 
618 986 
528 289 
783 841 
609 738 
529 783 
586 431 
313 294 
69 524 
928 723 
118 38 
942 445 
336 848 
545 356 
575 441 
20 206 
933 154 
27 609 
39 697 
747 121 
407 638 
230 91 
33 461 
794 740 
329 179 
95 190 
226 289 
139 124 
594 795 
883 363 
171 335 
712 768 
744 241 
920 124 
87 827 
461 289 
454 200 
3 821 
707 925 
660 636 
983 934 
69 732 
447 135 
215 445 
882 649 
808 795 
340 393 
867 277 
783 28 
865 478 
366 447 
395 987 
78 445 
671 835 
518 622 
594 788 
784 937 
464 146 
876 128 
935 852 
119 516 
734 812 
549 416 
450 766 
307 319 
219 940 
584 558 
94 957 
983 341 
615 608 
777 819 
501 60 
855 816 
386 635 
603 275 
23 236 
981 212 
705 115 
534 103 
106 173 
334 945 
581 869 
950 496 
207 799 
553 38 
243 668 
140 50 
46 782 
7 824 
894 976 
929 423 
780 305 
82 924 
533 906 
364 189 
273 820 
90 435 
992 465 
307 628 
140 906 
860 406 
610 406 
19 423 
992 254 
662 135 
769 862 
858 863 
784 245 
155 797 
368 216 
984 243 
171 568 
207 796 
720 264 
565 146 
718 170 
76 181 
448 96 
541 196 
368 867 
469 930 
364 605 
716 713 
783 234 
879 514 
803 65 
577 970 
137 79 
468 713 
846 740 
587 384 
825 392 
179 54 
976 837 
861 156 
800 175 
76 407 
526 378 
425 416 
684 626 
140 640 
810 839 
810 13 
661 298 
727 998 
849 246 
125 739 
866 60 
896 806 
933 847 
13 40 
180 75 
683 46 
414 922 
813 138 
374 672 
706 853 
364 42 
835 708 
305 387 
800 844 
459 732 
123 616 
341 277 
778 98 
343 115 
125 209 
95 999 
647 274 
384 457 
497 406 
216 790 
798 844 
333 245 
549 884 
553 242 
74 957 
315 485 
146 115 
389 700 
159 461 
470 184 
782 567 
882 155 
25 302 
279 999 
225 42 
785 245 
767 801 
918 629 
166 305 
684 677 
207 98 
44 638 
82 441 
988 233 
388 651 
222 672 
701 901 
473 323 
329 114 
922 918 
0 805 
209 609 
85 8 
417 901 
918 424 
304 627 
123 66 
593 185 
373 453 
35 445 
226 328 
790 779 
501 4 
483 367 
988 745 
939 2 
340 29 
832 276 
837 336 
604 370 
452 742 
907 487 
486 635 
354 687 
525 766 
326 368 
299 992 
990 413 
608 402 
644 431 
922 385 
937 553 
644 564 
58 164 
146 426 
662 19 
987 77 
872 133 
256 800 
28 964 
904 455 
711 820 
6 562 
794 672 
137 503 
524 592 
696 873 
626 423 
340 132 
74 302 
522 599 
385 708 
39 277 
412 421 
773 217 
745 473 
625 445 
736 93 
910 445 
390 439 
807 370 
114 336 
140 828 
791 883 
662 261 
625 158 
393 80 
133 732 
861 222 
893 273 
798 444 
929 999 
79 625 
14 855 
301 336 
16 531 
416 531 
32 98 
452 290 
416 850 
603 113 
867 617 
319 972 
933 607 
828 496 
307 7 
563 259 
833 483 
254 889 
417 900 
700 175 
883 751 
571 445 
891 75 
543 536 
253 574 
72 58 
421 852 
28 999 
152 60 
207 891 
242 946 
121 157 
483 844 
706 617 
19 675 
20 906 
986 989 
175 713 
706 59 
217 713 
984 438 
833 505 
822 83 
920 993 
992 407 
379 362 
330 384 
234 837 
287 656 
561 802 
204 377 
602 571 
412 686 
744 445 
954 286 
357 814 
662 658 
907 617 
716 581 
404 655 
316 905 
62 377 
78 266 
818 242 
283 468 
643 20 
417 998 
203 511 
715 222 
486 132 
341 372 
290 999 
104 164 
297 496 
284 376 
849 639 
524 457 
760 355 
649 625 
927 935 
290 590 
62 930 
604 200 
843 665 
916 579 
535 138 
757 445 
314 516 
99 385 
856 869 
981 445 
752 525 
616 654 
950 238 
156 34 
744 852 
718 557 
665 190 
572 172 
440 245 
473 934 
322 579 
972 999 
257 717 
847 181 
535 547 
331 795 
518 128 
320 476 
893 373 
87 465 
764 31 
271 21 
92 846 
773 24 
237 654 
560 117 
746 226 
411 189 
879 388 
997 425 
796 352 
323 973 
642 92 
350 724 
587 862 
398 318 
689 813 
575 927 
612 42 
721 25 
384 153 
976 117 
966 289 
25 445 
144 281 
370 554 
161 397 
338 437 
542 757 
419 576 
67 383 
454 60 
719 287 
196 105 
716 217 
203 331 
354 770 
207 428 
642 294 
978 640 
253 866 
235 181 
578 953 
137 314 
833 186 
9 6 
885 224 
103 524 
990 639 
201 892 
894 145 
2 658 
51 465 
314 814 
415 21 
644 445 
794 641 
73 103 
272 77 
292 383 
13 435 
993 632 
37 608 
424 820 
609 212 
871 485 
507 645 
140 749 
259 170 
579 492 
576 445 
636 708 
571 388 
387 514 
593 653 
239 592 
858 159 
650 953 
278 836 
192 677 
481 134 
990 385 
12 453 
705 442 
957 169 
144 760 
356 54 
52 537 
529 999 
956 796 
573 33 
534 847 
173 185 
438 615 
132 577 
348 747 
774 999 
920 761 
166 711 
898 814 
761 441 
800 112 
736 662 
239 909 
532 889 
631 85 
927 115 
46 815 
474 170 
606 385 
386 624 
877 799 
952 656 
987 692 
382 844 
735 599 
348 676 
981 127 
559 896 
895 847 
676 940 
196 872 
162 642 
421 345 
105 524 
182 844 
59 7 
929 690 
461 911 
311 850 
481 217 
683 40 
969 290 
99 289 
394 218 
399 843 
475 377 
498 872 
906 959 
79 748 
263 816 
671 405 
620 801 
137 346 
467 258 
381 613 
122 656 
985 110 
756 523 
343 52 
224 728 
775 302 
271 724 
496 445 
946 776 
748 568 
830 169 
472 169 
845 989 
334 952 
914 600 
450 925 
119 589 
775 113 
841 217 
882 301 
909 368 
69 625 
287 1 
23 406 
46 218 
707 52 
464 238 
460 339 
438 533 
867 870 
107 78 
976 377 
480 713 
318 16 
996 776 
147 290 
704 654 
382 827 
798 662 
230 503 
139 830 
834 167 
90 532 
708 852 
346 25 
639 258 
326 399 
85 650 
983 454 
500 838 
107 661 
68 547 
162 996 
0 408 
839 462 
329 288 
275 738 
20 536 
118 162 
39 445 
723 479 
724 327 
311 852 
74 99 
945 678 
885 184 
513 35 
574 769 
882 109 
312 61 
764 534 
81 558 
528 516 
593 875 
65 169 
321 441 
44 92 
407 610 
302 23 
62 847 
67 260 
831 339 
778 842 
665 970 
794 81 
46 316 
791 575 
599 445 
649 136 
834 445 
986 771 
734 308 
913 607 
832 682 
985 222 
648 726 
245 229 
897 341 
506 650 
900 844 
171 141 
901 289 
548 242 
464 407 
621 493 
73 19 
715 616 
922 377 
716 797 
429 820 
908 45 
669 547 
664 480 
257 612 
700 259 
207 263 
586 806 
237 215 
381 234 
328 848 
63 527 
551 120 
325 965 
825 929 
782 288 
382 677 
12 742 
151 98 
131 913 
347 692 
770 970 
444 836 
483 52 
907 33 
113 136 
406 514 
389 625 
741 354 
190 11 
115 400 
908 288 
78 503 
49 47 
930 159 
849 677 
257 836 
937 763 
893 713 
73 467 
222 913 
13 601 
287 507 
406 445 
344 504 
430 708 
285 391 
90 2 
74 221 
433 546 
748 585 
438 408 
81 957 
566 275 
229 925 
123 867 
500 102 
508 356 
698 504 
464 560 
734 370 
845 535 
249 170 
86 972 
780 831 
252 72 
810 164 
372 590 
604 517 
269 307 
984 641 
738 128 
741 715 
308 925 
924 571 
126 487 
736 703 
62 456 
771 759 
631 445 
788 450 
404 409 
974 254 
475 905 
517 831 
440 23 
513 492 
504 998 
256 317 
214 209 
807 12 
557 983 
786 323 
476 276 
747 876 
869 160 
326 322 
68 747 
586 999 
761 753 
367 445 
424 925 
901 405 
659 814 
904 836 
251 191 
98 408 
604 867 
515 925 
814 597 
10 445 
51 407 
297 485 
383 544 
305 482 
313 597 
158 554 
382 445 
344 678 
792 487 
455 617 
484 395 
242 200 
656 585 
171 873 
7 29 
76 473 
878 187 
411 907 
896 242 
589 801 
946 77 
424 445 
330 175 
813 116 
73 102 
375 459 
339 588 
732 639 
720 75 
192 919 
924 352 
500 212 
923 34 
974 181 
612 340 
51 776 
768 234 
133 925 
520 183 
434 525 
326 445 
150 849 
357 792 
259 189 
506 476 
637 83 
39 83 
603 724 
16 524 
991 430 
370 852 
819 999 
1 31 
14 102 
648 995 
665 635 
426 973 
336 289 
339 274 
292 445 
965 276 
529 893 
731 734 
359 737 
399 283 
179 268 
148 469 
325 16 
213 957 
779 852 
572 136 
916 723 
415 384 
707 185 
732 441 
657 491 
442 127 
504 749 
923 19 
223 472 
658 712 
769 412 
808 402 
265 967 
210 40 
403 560 
930 362 
551 835 
512 296 
725 591 
474 23 
542 484 
977 86 
653 426 
104 99 
180 29 
372 284 
454 444 
274 724 
457 585 
17 114 
180 90 
251 290 
220 628 
314 845 
381 445 
759 985 
468 127 
73 601 
179 963 
882 458 
392 627 
801 277 
81 774 
891 28 
97 854 
552 77 
78 590 
58 16 
467 811 
184 869 
286 64 
818 775 
608 99 
524 740 
894 127 
86 351 
615 550 
415 641 
114 999 
560 75 
474 168 
196 852 
952 170 
479 41 
548 991 
484 748 
211 356 
267 799 
131 840 
243 134 
133 866 
794 380 
49 77 
379 840 
407 453 
637 836 
561 872 
741 21 
33 852 
569 184 
556 177 
566 7 
800 770 
472 757 
900 636 
321 276 
453 187 
879 810 
772 279 
181 863 
14 439 
332 505 
392 955 
390 774 
974 972 
669 589 
731 179 
894 836 
550 614 
862 435 
518 378 
857 797 
795 455 
760 127 
786 127 
76 700 
822 396 
880 577 
525 779 
223 233 
834 852 
354 876 
259 233 
6 442 
83 619 
148 150 
977 378 
42 413 
405 889 
889 999 
748 459 
442 893 
759 245 
310 627 
732 365 
189 601 
860 215 
39 872 
251 564 
168 34 
595 743 
724 455 
179 92 
568 93 
886 520 
51 49 
992 870 
543 831 
257 863 
542 724 
696 486 
718 53 
346 250 
831 612 
734 420 
626 31 
506 901 
807 194 
726 636 
313 915 
922 486 
35 311 
7 45 
780 540 
204 855 
897 863 
926 178 
664 363 
128 101 
386 601 
864 219 
977 562 
90 23 
494 550 
457 724 
968 271 
513 102 
701 747 
543 790 
253 733 
771 419 
2 524 
721 966 
315 935 
750 739 
986 270 
887 120 
664 445 
933 482 
854 934 
446 600 
905 812 
691 442 
463 100 
855 277 
676 378 
398 913 
497 588 
418 747 
864 638 
213 516 
322 299 
334 942 
417 52 
784 954 
309 676 
361 609 
835 583 
501 740 
574 330 
226 585 
884 605 
156 168 
162 836 
847 569 
474 32 
921 756 
757 890 
937 489 
834 921 
180 224 
59 476 
200 406 
133 419 
674 351 
784 153 
885 194 
891 868 
564 167 
756 719 
678 785 
267 410 
394 471 
378 704 
718 328 
210 19 
755 422 
714 911 
117 770 
942 578 
825 103 
807 169 
447 585 
265 581 
707 407 
150 340 
776 336 
785 853 
268 502 
343 612 
267 699 
683 560 
174 850 
647 232 
39 960 
639 571 
492 424 
132 605 
430 542 
909 408 
323 555 
430 11 
589 345 
896 710 
49 999 
923 184 
736 501 
253 83 
165 728 
944 699 
782 445 
39 902 
847 445 
578 847 
767 67 
494 377 
337 306 
423 155 
539 445 
460 208 
446 270 
272 579 
984 547 
665 823 
985 571 
944 235 
221 586 
637 661 
800 222 
383 155 
398 861 
486 179 
892 170 
558 597 
720 950 
992 397 
3 92 
10 713 
442 672 
587 127 
558 47 
620 221 
991 130 
756 528 
893 348 
0 690 
603 563 
880 607 
882 700 
314 83 
64 293 
361 571 
619 505 
662 599 
219 47 
984 11 
241 571 
953 713 
278 757 
968 92 
247 735 
33 987 
207 779 
491 679 
327 740 
483 563 
735 419 
780 657 
800 740 
693 366 
871 288 
495 161 
626 502 
205 251 
916 295 
827 746 
382 264 
739 413 
333 765 
386 977 
267 638 
848 327 
621 925 
659 551 
30 341 
749 445 
496 437 
904 476 
930 870 
58 601 
315 52 
64 315 
281 483 
104 883 
27 724 
8 450 
397 141 
199 613 
884 619 
348 617 
705 847 
916 251 
721 999 
349 182 
625 735 
977 496 
324 175 
200 523 
923 403 
501 21 
833 586 
472 724 
866 885 
904 699 
727 724 
195 633 
319 454 
746 182 
357 759 
771 775 
265 737 
933 275 
202 486 
270 516 
698 967 
330 632 
394 316 
110 663 
625 335 
812 870 
498 102 
122 231 
490 980 
489 368 
285 392 
477 601 
959 262 
25 126 
67 249 
683 508 
106 90 
429 295 
230 36 
686 682 
977 198 
295 36 
849 358 
140 911 
8 481 
997 701 
972 668 
12 777 
82 306 
427 523 
116 318 
577 291 
569 348 
683 194 
99 911 
234 622 
512 644 
937 466 
782 798 
417 0 
95 682 
209 387 
946 762 
140 400 
133 564 
853 248 
519 511 
326 448 
348 522 
375 971 
408 36 
731 714 
46 401 
541 273 
57 29 
646 363 
744 349 
524 516 
305 199 
364 445 
7 325 
856 963 
114 61 
671 60 
979 143 
59 277 
783 363 
340 447 
354 183 
380 698 
791 293 
225 112 
349 309 
355 646 
753 708 
582 119 
505 445 
473 509 
265 138 
446 624 
474 884 
515 806 
571 863 
430 969 
282 2 
224 160 
35 524 
415 880 
361 302 
104 936 
646 130 
172 844 
62 20 
13 713 
871 116 
343 296 
870 24 
515 680 
428 934 
907 666 
35 388 
302 476 
647 471 
635 995 
580 870 
676 80 
315 170 
219 627 
105 915 
82 593 
875 925 
850 0 
897 724 
210 860 
605 229 
70 724 
414 295 
718 384 
150 287 
469 494 
545 753 
864 900 
122 947 
881 445 
587 107 
816 77 
487 121 
137 260 
411 745 
904 356 
906 75 
255 464 
459 212 
738 445 
566 425 
894 445 
808 161 
221 713 
711 713 
603 219 
492 650 
38 564 
725 582 
256 722 
923 847 
608 216 
165 768 
398 365 
214 729 
110 450 
486 671 
516 999 
8 373 
152 58 
529 256 
872 65 
732 238 
646 844 
361 23 
349 549 
512 226 
368 355 
862 165 
816 817 
394 475 
100 392 
552 652 
202 723 
939 408 
391 395 
180 553 
783 994 
332 110 
831 973 
882 823 
994 288 
305 181 
162 617 
543 151 
771 259 
644 406 
253 714 
574 27 
895 983 
150 50 
325 812 
619 804 
782 156 
500 287 
861 594 
990 265 
833 421 
239 632 
815 996 
620 731 
770 200 
819 226 
74 325 
937 338 
541 268 
642 759 
391 607 
391 601 
939 653 
678 298 
570 328 
150 272 
105 638 
843 80 
968 368 
923 600 
936 27 
707 584 
565 325 
542 422 
123 424 
148 797 
30 956 
978 809 
769 838 
358 862 
171 101 
267 763 
594 82 
741 368 
256 35 
277 435 
558 596 
296 676 
433 804 
506 846 
243 724 
760 615 
430 311 
239 353 
129 976 
913 413 
303 242 
313 844 
513 601 
653 601 
410 932 
446 81 
803 76 
309 2 
264 708 
329 675 
736 714 
225 698 
171 226 
163 679 
832 726 
223 72 
849 635 
173 45 
225 35 
722 486 
503 911 
792 935 
245 61 
144 579 
883 564 
559 656 
188 16 
950 715 
767 835 
424 576 
872 212 
104 497 
69 246 
76 198 
798 586 
334 288 
229 694 
346 289 
660 616 
571 713 
775 468 
322 806 
180 816 
220 999 
937 593 
725 691 
340 819 
972 250 
725 100 
833 142 
715 981 
394 781 
533 925 
854 639 
137 679 
642 146 
204 40 
373 651 
657 106 
257 648 
717 83 
774 616 
508 368 
195 159 
695 362 
760 266 
909 819 
693 627 
271 589 
813 443 
391 874 
434 712 
958 138 
295 596 
662 17 
880 329 
472 163 
253 838 
622 597 
761 333 
66 902 
25 754 
100 953 
315 429 
550 76 
385 999 
659 873 
114 212 
224 743 
67 155 
129 77 
342 250 
546 244 
823 331 
515 887 
793 328 
910 621 
541 249 
386 126 
8 790 
580 30 
728 869 
849 160 
192 777 
782 402 
884 92 
377 638 
124 842 
263 361 
9 156 
715 766 
633 445 
832 728 
905 200 
290 989 
727 481 
606 327 
731 212 
860 934 
406 740 
772 707 
844 445 
527 927 
894 290 
102 672 
382 252 
512 26 
954 780 
9 548 
151 340 
294 858 
87 985 
510 288 
393 509 
893 925 
25 40 
360 856 
144 30 
83 457 
389 60 
512 99 
571 528 
977 960 
618 503 
483 445 
339 113 
683 274 
456 25 
931 538 
782 600 
560 120 
184 770 
324 55 
378 951 
772 998 
146 924 
612 770 
443 178 
542 579 
944 522 
420 866 
838 601 
974 74 
412 7 
540 155 
245 853 
670 668 
215 820 
625 266 
319 533 
195 393 
279 189 
150 920 
468 601 
895 331 
263 959 
452 113 
518 821 
194 11 
801 658 
780 164 
244 301 
527 889 
528 445 
463 990 
937 741 
39 776 
1 852 
572 258 
287 712 
767 375 
296 401 
255 566 
798 864 
467 339 
759 425 
30 6 
223 77 
679 812 
205 717 
944 902 
283 759 
560 1 
282 92 
543 22 
619 740 
578 714 
938 174 
38 656 
234 713 
344 215 
642 696 
56 327 
707 84 
122 952 
743 670 
657 359 
300 40 
64 243 
942 599 
449 859 
750 607 
416 897 
270 666 
928 293 
698 670 
887 242 
392 81 
442 124 
587 976 
612 892 
498 49 
28 532 
240 591 
315 838 
929 172 
342 714 
12 218 
6 353 
580 472 
685 925 
731 202 
754 927 
406 91 
340 390 
294 638 
308 554 
863 306 
440 901 
492 372 
60 934 
722 703 
818 820 
177 189 
868 471 
269 391 
470 671 
352 301 
563 525 
757 538 
107 577 
947 855 
865 383 
991 328 
853 105 
838 519 
209 157 
547 81 
821 345 
596 999 
882 289 
719 633 
891 250 
510 674 
329 159 
782 880 
777 420 
584 702 
839 757 
382 503 
158 473 
477 92 
49 846 
895 930 
518 867 
463 239 
400 973 
223 979 
457 503 
633 300 
243 810 
449 138 
659 454 
647 246 
814 453 
608 133 
383 18 
475 835 
775 208 
639 84 
196 498 
705 568 
572 723 
827 54 
664 401 
273 60 
941 289 
418 264 
498 212 
722 183 
540 27 
891 49 
857 649 
228 443 
567 204 
773 381 
705 997 
444 852 
343 385 
860 697 
